 GAVG-1.0  
           1
   4.50526612875730        4.22712904527293        3.71474359689786     
   2.52670745752131        3.26118999988256        2.12826875732259     
   2.16871433818428        2.01053518908647        1.60477387570380     
   1.39283722159771        1.47637673421332        1.96187603556953     
   1.68110658655171        1.64051449446873        1.71350792183733     
   1.20888795420450        1.25452542196404        1.40821039918961     
   1.38604193901273        1.03494044341189        1.44725608586217     
   1.68414690060687        1.75470876425721        1.40555517758725     
   2.70008393166522        2.18837014828078        2.92437448733583     
   1.65961313524747        1.35038989755033        1.05666828546526     
   1.12982047144695        1.34780737675807        1.22550558738253     
   1.11582253054270        1.36732055031624        1.67545505801656     
   1.30437298033200        1.20922219850030        1.16446042532996     
   1.24529085328468        1.34551747305997        1.09531505106698     
   1.28608588746116        1.10246959787544        1.72536029686085     
   1.02988805427595        1.10203065388345        1.05800136117471     
   1.06998901099591        1.11757458593623        1.39144922628708     
   1.19476502161221        1.49457295037706        1.10492062446915     
  0.850740571365887        1.11304552048013        1.77059273612727     
   2.00038508464402        2.23899400080269        1.90528425203547     
   2.63034884713496        3.26240589996327        2.68626185490338     
   2.77795778458865        2.90652496524778        2.50389394088851     
   3.09259551590730        3.38228376313758        2.40192547477226     
   1.83860435412288        1.66537600922014        1.65904977447241     
   1.57773936918707        1.39715183549189        1.95678107202258     
   1.42724048001618        1.20167219025104        1.07726106383745     
   1.07735343507353        1.06779571339253        1.25308136574495     
   1.55470262102222        1.01478390942107        1.27718131220970     
   1.18920632069590        1.33353904819702        1.01809622322511     
   1.49627000379467        1.42081134088166        2.01315338071414     
   2.05135307089633        2.55570427293842        1.94707718803367     
   2.43810250282822        2.18075205102571        2.47808762905583     
   2.54917981532370       0.000000000000000E+000  0.000000000000000E+000
  0.000000000000000E+000   20.2974228909278        17.8686199653901     
   13.7993199906937        6.38425057589380        10.6353602153340     
   4.52952790339544        4.70332188064610        4.04225174655496     
   2.57529919214141        1.93999552586804        2.17968826132637     
   3.84895757894202        2.82611935534754        2.69128780656198     
   2.93610939819930        1.46141008582073        1.57383403435406     
   1.98305652838576        1.92111225670216        1.07110172140960     
   2.09455017806510        2.83635078282373        3.07900284736105     
   1.97558535724234        7.29045323803674        4.78896390588646     
   8.55196614218073        2.75431575868594        1.82355287540599     
   1.11654786550808        1.27649429770062        1.81658472484346     
   1.50186394470580        1.24505991966671        1.86956548731711     
   2.80714965143326        1.70138887182018        1.46221832534589     
   1.35596808215963        1.55074930927448        1.81041727030969     
   1.19971506109387        1.65401690992676        1.21543921423964     
   2.97686815398375        1.06066940434030        1.21447156209878     
   1.11936688024755        1.14487648365200        1.24897295513055     
   1.93613094933491        1.42746345686802        2.23374830399880     
   1.22084958637730       0.723759519767957        1.23887033066089     
   3.13499863722666        4.00154048686628        5.01309413563043     
   3.63010808105434        6.91873505762422        10.6432922561151     
   7.21600275310897        7.71704945295668        8.44788737360860     
   6.26948486721821        9.56414702500993        11.4398434543841     
   5.76924598635996        3.38046597099961        2.77347725208601     
   2.75244615417694        2.48926151708280        1.95203325141834     
   3.82899216382585        2.03701538779681        1.44401605282273     
   1.16049139966020        1.16069042406474        1.14018768553945     
   1.57021290917722        2.41710023981337        1.02978638281992     
   1.63119210425770        1.41421167318308        1.77832639306621     
   1.03651991974523        2.23882392425570        2.01870486637795     
   4.05278653428077        4.20804942147582        6.53162433071569     
   3.79110957616112        5.94434381429723        4.75567950805285     
   6.14091829727953        6.49831773085376       0.000000000000000E+000
  0.000000000000000E+000  0.000000000000000E+000
 -0.188007870371363      -0.334530866030618      -0.244464936668165     
 -0.236761651712803      -0.137903380622676      -0.195019403143591     
  1.114833247122338E-002  0.172872756541185       0.121031682630541     
  0.374296516454324        1.24242694769501        2.42364309510476     
   3.14217377334291        3.26337537688990        3.14499815499426     
 -0.389438528025440       0.753363441254967        1.51671186407351     
   1.24092129757777       -3.18668383032262       -1.05163439560748     
  0.227413339791441        1.98448827114626        1.12726499614299     
  0.116145490800382       0.148229292453218       0.116243392021805     
   2.58054694511517        1.73789749629152       -9.85604850189405     
  -3.29212843060083       0.876899571497676       9.544110225668685E-002
  -4.98828867700737        1.82989632010494        5.19414664709743     
   1.06569537508244      -0.331109126498455       -1.67350620126948     
  0.385967906502800       0.408891147814865      -4.757661520419409E-002
  0.232755017308739        1.46278460624985       -2.12618766606905     
   8.48386214002301       0.237247964713343        2.26989569835516     
   1.45208393086761       0.806748892451417       0.912673458690224     
 -0.326070281155051       0.843268450410284      -0.921502291042524     
  -11.6856347674505        1.19229346701114       -1.04581549178126     
  -1.93356777336741       -1.60707424603184       -3.20480794928348     
  -1.52410542825005       -1.49661576119796      -0.945964203074521     
  -1.66987861147937      -0.984222537474890       -1.36528919863290     
  -2.48105222346372       -2.83640541656567       -1.86307290004548     
  -3.47604534002224        1.46965910001585        1.83404963911652     
  -1.14135703732703       -2.03577456577656       -2.25504681077967     
  -2.00398336305595       0.547587022744131        10.1872678526979     
   9.31736210277658        11.3103353367685      -0.903401747551956     
  -4.74302449893132        19.3648254903767       -1.30280022479409     
   1.14458953406076       -1.32913607109329        7.58699058093243     
 -0.456798615749429       -1.13733405757032       -3.04926380920863     
  -3.43288644709405       -1.84958285591165       -3.27030879300565     
  -1.36034628692081      -0.399920591636058       3.916267871042933E-002
  0.736595519263082       0.000000000000000E+000  0.000000000000000E+000
  0.000000000000000E+000  3.534695932157522E-002  0.111910900327195     
  5.976310526017008E-002  5.605607972177466E-002  1.901734238716252E-002
  3.803256760248233E-002  1.242853168889335E-004  2.988498995414786E-002
  1.464866820037993E-002  0.140097882229842        1.54362472035875     
   5.87404585244899        9.87325602188399        10.6496188504913     
   9.89101339491731       0.151662367110621       0.567556474619526     
   2.30041487862134        1.53988566678209        10.1549538344397     
   1.10593490202471       5.171682711509744E-002   3.93819369831705     
   1.27072637152925       1.348977503326168E-002  2.197192314118164E-002
  1.351252618873514E-002   6.65922253594322        3.02028770761634     
   97.1416920716880        10.8381096035703       0.768952858492808     
  9.109003999971357E-003   24.8830239251599        3.34852054233361     
   26.9791593915535        1.13570663247210       0.109633253650570     
   2.80062300568741       0.148971224850154       0.167191970761357     
  2.263534314287953E-003  5.417489808239131E-002   2.13973880428154     
   4.52067399134417        71.9759168109158       5.628659676062384E-002
   5.15242648141128        2.10854774228393       0.650843775471588     
  0.832972842197576       0.106321828252534       0.711101679457361     
  0.849166472396621        136.554059918248        1.42156371147744     
   1.09373004284967        3.73868433420500        2.58268763225881     
   10.2707939917906        2.32289735642127        2.23985873666616     
  0.894848273498413        2.78849457707626       0.968694003273510     
   1.86401459590368        6.15562013555427        8.04519568712307     
   3.47104063088388        12.0828912058903        2.15989787025941     
   3.36373807874344        1.30269588665594        4.14437808266273     
   5.08523611880757        4.01594931940505       0.299851547477781     
   103.780426302612        86.8132365542571        127.923685430155     
  0.816134717479928        22.4962813974627        374.996466272742     
   1.69728842572352        1.31008520148142        1.76660269548130     
   57.5624260751574       0.208664975350595        1.29352875850937     
   9.29800977814952        11.7847093586420        3.42095674088228     
   10.6949196016100        1.85054202033924       0.159936479614535     
  1.533715403776315E-003  0.542572958998449       0.000000000000000E+000
  0.000000000000000E+000  0.000000000000000E+000
  2.830925174150029E-002  3.453598686410879E-002  2.548933439361283E-002
 -7.423751714922282E-002 -3.756232552702990E-004  8.233988029866392E-002
  9.876027670804866E-003  5.813652308058296E-002 -6.664146049387211E-002
 -2.730515009813286E-002  0.147924287938121      -3.710364997935567E-002
 -0.422208534546784       5.119142781042316E-002 -0.241364599080095     
  4.349500446165371E-002 -7.758245348381447E-002  0.197382565981312     
  0.318499926852036       -4.12136512345456        1.22961434380674     
   1.27097812138063       0.963051790112011       0.296987658538067     
  0.370572040237194       0.708313431907313       0.564544174031192     
  0.953641015838939       0.417962616293054        1.18308962232049     
  -1.06290813893129       0.937222679159753       3.952270008103494E-002
  -1.98662379931464       0.899231012911996        1.10566997106473     
  0.722012958615437      -0.212652575970460       -1.12165196953012     
  0.304879546616997       0.959131236124794       -3.31871814338422     
  0.662654790617425       -3.49743638690616        2.52330408247436     
  -4.95834966421073       -2.53438389999039       -5.36684051539422     
  -4.47739379907975       -2.44619241554641       0.809171079245292     
 -0.465675301250285        1.75948028044005       -3.24838392541114     
  -40.1254161694284       -3.29470701782299        3.08631992954311     
   2.67954797136177       0.961773728343479        2.69560541123346     
   1.12014397735458        1.50010340946759        1.32564198723762     
   1.18798455335129        1.45465925113248        1.11323556055624     
  0.929914354204783       0.987692904181104       0.645112568150188     
   2.33578672435155        2.60987726825709        2.31464274818154     
   2.17577941164704        1.05565012576098        2.65286658193189     
   1.26494300543992      -0.333326535067976       0.273947408827052     
   1.57426453500437       0.605699876504372       0.186926766028541     
  0.282708788485344        2.40202395528191      -0.165521470995951     
  0.465220167246772      -0.767345456411366        8.87705745838715     
  -2.05081105079921       -1.50824538883626       -2.27413426157952     
  -1.82209825656327      -0.919430283863665       -2.52080837449832     
  -1.02017728503663       -1.67181154975017       -1.27283384054597     
  -1.13797770856155       0.000000000000000E+000  0.000000000000000E+000
  0.000000000000000E+000  8.014137341636373E-004  1.192734388677895E-003
  6.497061678294137E-004  5.511208952481152E-003  1.410928298998562E-007
  6.779855887598303E-003  9.753592255450338E-005  3.379855315899155E-003
  4.441084256756317E-003  7.455712218815648E-004  2.188159496200008E-002
  1.376680841790540E-003  0.178260046644143       2.620562281269766E-003
  5.825686968909517E-002  1.891815413119276E-003  6.019037088568236E-003
  3.895987735336696E-002  0.101442203404752        16.9856504808276     
   1.51195143449529        1.61538538502824       0.927468750437949     
  8.820166932392366E-002  0.137323637005556       0.501707917820315     
  0.318710124432561       0.909431187090324       0.174692748618535     
   1.39970105444243        1.12977371180639       0.878386350331385     
  1.562043821695439E-003   3.94667412000333       0.808616414582734     
   1.22250608491428       0.521302712408617       4.522111806687207E-002
   1.25810314075080       9.295153794538562E-002  0.919932728110274     
   11.0138901152276       0.439111371528224        12.2320612804552     
   6.36706349263176        24.5852313925786        6.42310175253048     
   28.8029771176769        20.0470552320378        5.98385733387677     
  0.654757835486991       0.216853486194543        3.09577085725740     
   10.5519981268695        1610.04902276982        10.8550943332920     
   9.52537070749497        7.17997733082896       0.925008704531717     
   7.26628853307113        1.25472253000373        2.25031023909628     
   1.75732667832732        1.41130729900127        2.11603353690532     
   1.23929341328697       0.864740706156098       0.975537272969704     
  0.416170225585331        5.45589962165693        6.81145935536509     
   5.35757105170938        4.73401604814712        1.11439718801918     
   7.03770110153097        1.60008080701139       0.111106578980423     
  7.504718280305578E-002   2.47830882617252       0.366872340397412     
  3.494161585788901E-002  7.992425908685112E-002   5.76971908174816     
  2.739735736066355E-002  0.216429804013114       0.588819049475167     
   78.8021491195070        4.20582596608017        2.27480415294583     
   5.17168663968983        3.32004205657091       0.845352046885619     
   6.35447486094086        1.04076169290471        2.79495385787805     
   1.62010598563900        1.29499326518299       0.000000000000000E+000
  0.000000000000000E+000  0.000000000000000E+000
  0.418164718105198       0.556308009928724       0.478263986059344     
  0.495045406496785       0.359040018132676       0.335445803042075     
  5.836367794557041E-002  7.971661007246791E-002  9.471298167902413E-002
  3.095537282113654E-002  8.111190155779363E-002  1.364178987070408E-002
  0.126130377088463       1.535093519755851E-002  7.200422740788641E-002
  0.102213508951099       9.371947105729816E-002  0.107661256624806     
  0.195327994545276       0.422837424298756       0.871791991597097     
  0.575499851086735       0.330514212808425       0.184384306277469     
  0.547633324471118       0.643887611651943       0.692540633445850     
  0.301440077625608       0.233587875631294       0.106431739132484     
  0.258936748747241       0.587677843216445       0.371301271067916     
  0.346536195029993       0.442788979281399       0.254127599351973     
  0.513256931181158       0.482152258250335       0.478554586944197     
  0.500639679704393       0.674012237445710       0.654940767108658     
  0.670705816099484       0.785325607377107        1.03288479337286     
  0.802860145334164       0.615019428087440       0.737522706896362     
  0.705827217714958       0.715125488577309       0.479280635019408     
  0.572058725752239       0.710224393824391       0.646419324277992     
  0.583351541637312       0.809421392076119        1.01129712442184     
   1.15733747136962        1.34586291057280        1.19922883036389     
   1.41614921501282        1.50548602961051        1.33395901275943     
   1.46966659212208        1.38198479559064        1.37438495565684     
   1.61810786157165        1.71277701953888        1.40194877900886     
   1.15459514789689       0.754607008461458       0.674561785337048     
  0.941683454970435        1.08779704934725        1.14173802034255     
   1.06304127467839       0.981781346168762        1.02692801350104     
  0.995857490439986        1.02275105190376        1.04249224824345     
   1.24413300314856       0.999922065921512        1.06577966263352     
   1.02522784248480        1.01983222771915       0.841772544878183     
  0.911083101008671       0.980185055135672        1.23935252088680     
   1.28917550146478        1.45428067955589        1.21913966367614     
   1.34660633739586        1.08541026650011        1.09145871210523     
