#SpringTyp   NBeads      sqrtb       h*          z*          d*          gdot*       dt*eq       dt*ne       imp-tol     TLongest    TEqbm       eMax        Tmax        NTraj       FlowType  
# 2           2            10.00       0.000       0.000       1.000       0.000      0.1000E-01  0.1000E-01  0.1000E-02   1.000       1.000       2.000       5.000             17   0
#Time         R^2         Error       Rg^2        Error       Diffusvty   Error       X1          Error     
# 1           2           3           4           5           6           7           8           9
0.0000000000000000     3.4439267934475288     1.3148243094127448     .86098169836188221     .32870607735318619     0.0000000000000000     0.0000000000000000     .64473847084937985     .23855915161558414    
.59999999999999998E-01 3.3506636263572358     1.1503873955377053     .83766590658930895     .28759684888442633     .11951806480494387     .18155730866273811E-01 .65201128121393948     .29243058872362060    
.12000000000000000     3.0658022360415522     1.0780119134250847     .76645055901038806     .26950297835627118     .12447216821220954     .13097125307846099E-01 .67391376685697713     .27529497935633801    
.17999999999999999     2.9138185520226560     1.1377854409159689     .72845463800566401     .28444636022899222     .12940240084887233     .10188832106496805E-01 .61220149534680790     .24887819714906997    
.23999999999999999     3.0713908709636950     1.1415034125887493     .76784771774092375     .28537585314718733     .13079141935571531     .65228945818132239E-02 .74497077826203950     .21886925939392929    
.29999999999999999     3.2707198223617460     1.2805252370553903     .81767995559043649     .32013130926384759     .13052962807297827     .61176862636640982E-02 .85806928327671228     .24076265926369622    
.35999999999999999     3.2445691523608109     1.1432363935837921     .81114228809020272     .28580909839594804     .12805384520380031     .59704268990826686E-02 .83397845491295364     .25211968509980254    
.41999999999999998     3.2716698150759016     1.1113547241966548     .81791745376897540     .27783868104916370     .12701065673210110     .63537378130270605E-02 .84506917771555945     .24028010816243831    
.47999999999999998     3.6964282799046826     1.3909983410406384     .92410706997617065     .34774958526015959     .12673170797547087     .66739059925873994E-02 .82714202373316403     .23765915755345968    
.54000000000000004     3.6004989873562878     1.2244332382046639     .90012474683907195     .30610830955116597     .12659979628813545     .62505158111424361E-02 .91306609427541319     .26796483302633023    
.59999999999999998     3.3318399926639239     1.2046172800254484     .83295999816598099     .30115432000636211     .12522467056854084     .66023007390113349E-02 .83159386998046791     .25570010833012369    
.66000000000000003     3.1368978093876607     1.2846746040047652     .78422445234691518     .32116865100119130     .12339864318855878     .64723352736355657E-02 .81489897969397906     .23146762275894697    
.71999999999999997     2.8901687564034240     1.2276132996654396     .72254218910085599     .30690332491635991     .12460704709208446     .63966510554908027E-02 .82045538351256886     .23040253922246778    
.78000000000000003     2.7682434796085249     1.1801236731018643     .69206086990213123     .29503091827546607     .12352668715206200     .55909298932001680E-02 .78400715577902791     .21372301452581810    
.83999999999999997     2.7447318953303257     1.0907609689383237     .68618297383258142     .27269024223458094     .12432298887099730     .49451718483207929E-02 .81782190858169357     .20572135314074388    
.90000000000000002     2.7090570183992395     .98533881047017391     .67726425459980988     .24633470261754348     .12525705334687162     .50372593353118344E-02 .83157370411335652     .18561621909210074    
.95999999999999996     2.8107627617477284     1.0435597328728734     .70269069043693211     .26088993321821835     .12465563605608031     .47549103499098201E-02 .85534622773453128     .18637881351145189    
1.0200000000000000     2.9811901359336259     1.0402243197895826     .74529753398340648     .26005607994739566     .12451297543160840     .42602844450819292E-02 .92174005980516116     .21755786616920345    
1.0800000000000001     2.8945200760879222     1.0779715911811285     .72363001902198054     .26949289779528213     .12440243826632257     .37707159341032739E-02 .94718145631401707     .20439779533615107    
1.1400000000000001     2.7030728242103539     1.1212932919163203     .67576820605258847     .28032332297908008     .12448573696575677     .33750897958622237E-02 .86020363044852355     .20676434145629632    
1.2000000000000000     2.9149109314316006     1.4878070859704409     .72872773285790016     .37195177149261022     .12405750448069208     .36839556672039540E-02 .73430148601134637     .24752768081230112    
1.2600000000000000     2.8487941484378254     1.4016606837422931     .71219853710945635     .35041517093557328     .12473543210165132     .35399000069203167E-02 .74407683125349078     .26090315547693904    
1.3200000000000001     2.9544127006143359     1.5966014321047055     .73860317515358398     .39915035802617638     .12397104969408300     .36231647392259425E-02 .79522896831400347     .28128515062360149    
1.3800000000000001     2.6259784426963568     1.2004821721555865     .65649461067408921     .30012054303889663     .12435232952353686     .31578136171247916E-02 .82645626825050378     .24715786429626729    
1.4399999999999999     2.8338515217338127     1.3998508939697483     .70846288043345318     .34996272349243707     .12490887816751287     .30189785426267563E-02 .82699241365758924     .26294447686877687    
1.5000000000000000     3.1109711659004065     1.5409396554395567     .77774279147510161     .38523491385988917     .12587545745199083     .29140882596669186E-02 .81247502794245730     .32786361866139196    
1.5600000000000001     3.4891020464574147     1.6664921257185867     .87227551161435368     .41662303142964668     .12553983273948077     .27722763521762410E-02 .80909617756230956     .33201563997716876    
1.6200000000000001     3.6026004152196833     1.7720443223377471     .90065010380492083     .44301108058443678     .12571897302787174     .29123451257904056E-02 .80102014019467305     .39895415426300801    
1.6799999999999999     3.7205515661792128     1.7206184611982358     .93013789154480320     .43015461529955895     .12497307076026389     .29888774280723953E-02 .87415767136887745     .43873384550163569    
1.7400000000000000     3.9447715454112759     1.6309472607546824     .98619288635281899     .40773681518867061     .12431987962580618     .28992438039650422E-02 .95590230860347802     .42969890471545980    
1.8000000000000000     3.7943681041575950     1.5234016513243052     .94859202603939874     .38085041283107629     .12417419840692263     .30069313593243502E-02 .89440637132070822     .43738156830137126    
1.8600000000000001     3.8200388141941621     1.2858336763740144     .95500970354854053     .32145841909350359     .12399024942082140     .30005178851191180E-02 .93199428360026626     .41888500612437984    
1.9199999999999999     3.6489763295648943     1.2137082735994797     .91224408239122357     .30342706839986994     .12410546329437047     .28919062808082634E-02 .93393521261896484     .38949829033173461    
1.9800000000000000     3.8357006343675368     1.4257210278049284     .95892515859188421     .35643025695123209     .12400159435185627     .30706061655776671E-02 .97334471979610715     .44466465576714748    
2.0400000000000000     3.4672793515840401     1.2950628374510622     .86681983789601003     .32376570936276555     .12456126796844016     .27121193820730128E-02 .92134882865343126     .42197232926490935    
2.1000000000000001     3.7206084622850590     1.4140746487488161     .93015211557126476     .35351866218720401     .12485257676399683     .25233798656479024E-02 .98417904438329795     .43954535553156815    
2.1600000000000001     3.3945218784424349     1.2717196052127084     .84863046961060873     .31792990130317711     .12457441991523324     .28280892498999005E-02 .93149407107223914     .41789167541278527    
2.2200000000000002     3.4369204333012600     1.2552311564580179     .85923010832531499     .31380778911450447     .12514080573055691     .28199769249575729E-02 .94832915490775038     .42814764749698841    
2.2800000000000002     3.2853394367181150     1.1629439969432609     .82133485917952875     .29073599923581522     .12541260840831736     .28335485499750433E-02 .92399357299779827     .39731964752829901    
2.3399999999999999     3.1680580655357029     1.1121684641680334     .79201451638392573     .27804211604200835     .12586285224330215     .27484721301621537E-02 .93411016647044576     .34057241484273248    
2.3999999999999999     3.3830763554169714     1.2574631542551975     .84576908885424285     .31436578856379938     .12577874413557638     .24216039020321682E-02 .93226929077471654     .33094993086452090    
2.4600000000000000     3.2632732647740350     1.1450898689555775     .81581831619350875     .28627246723889438     .12625204545998428     .25232560764786908E-02 .86867071662444495     .33603348826755147    
2.5200000000000000     2.9459895612563942     1.0099412721840140     .73649739031409855     .25248531804600349     .12607312942012144     .24334789384752209E-02 .81642329446429640     .30024799942947672    
2.5800000000000001     2.9262328109490738     .91135350531789761     .73155820273726846     .22783837632947440     .12591993873392668     .25591644866260520E-02 .88960091914058625     .29709472847547314    
2.6400000000000001     3.0748204030184247     .92305472556637491     .76870510075460619     .23076368139159373     .12554229422585522     .25431964612839171E-02 .94338630444458094     .31563443655160572    
2.7000000000000002     3.0597426683328699     1.0317568605396892     .76493566708321747     .25793921513492230     .12581045359513418     .23408032190876697E-02 .89490070256814813     .32788350724702725    
2.7600000000000002     2.5923710583869042     .86621815797391855     .64809276459672605     .21655453949347964     .12572872702975346     .22062430844285376E-02 .84284110618592389     .28597858714916191    
2.8199999999999998     2.6116582431838768     .90766482909960811     .65291456079596921     .22691620727490203     .12574227271802207     .22935518115484721E-02 .79172252129780463     .34453724211712577    
2.8799999999999999     2.5237768960309532     .82148854067484056     .63094422400773831     .20537213516871014     .12558861911181227     .22786926281815377E-02 .73646024541043520     .29850111753601610    
2.9399999999999999     2.5440558128444168     .77636124559195341     .63601395321110421     .19409031139798835     .12534563853144851     .24519893258834031E-02 .81688038514682437     .28459688269558536    
3.0000000000000000     2.5434259443228240     .86876665574513656     .63585648608070600     .21719166393628414     .12527827849029474     .23254826339309241E-02 .77169407357752640     .33453243837883817    
3.0600000000000001     2.5229124036725254     .96590694746030603     .63072810091813136     .24147673686507651     .12517680492826955     .24282710823093820E-02 .68172961937736010     .36603567251022412    
3.1200000000000001     2.3282212965907756     .90287272679842412     .58205532414769390     .22571818169960603     .12527019613677931     .24557876311642403E-02 .68085696896366543     .37630668637575482    
3.1800000000000002     2.3409164139032388     .89465526913274351     .58522910347580970     .22366381728318588     .12519632203090653     .24843669367164748E-02 .69204026316952039     .34090172105856881    
3.2400000000000002     2.2477823049376249     .90131279863800884     .56194557623440622     .22532819965950221     .12510802507315236     .24571719238487056E-02 .64914258734655894     .30665669960464337    
3.3000000000000003     2.3585002897780205     .97142908926012916     .58962507244450513     .24285727231503229     .12497152482083204     .24662079032458316E-02 .66804828314730291     .30977759097342400    
3.3599999999999999     2.1762183953642200     .93753476750832276     .54405459884105500     .23438369187708069     .12496421878164338     .25176098698383325E-02 .62434512776850548     .31176708429326105    
3.4199999999999999     2.2518727478609755     .99643992474874044     .56296818696524387     .24910998118718511     .12497113844832686     .24668617320957884E-02 .61338565780127452     .29811781701752138    
3.4800000000000000     2.3849535402614475     .86094237487001557     .59623838506536186     .21523559371750389     .12487345692622819     .25140707328323688E-02 .63246176465523030     .27904571484021468    
3.5400000000000000     2.7419059801332306     1.0538290663858008     .68547649503330765     .26345726659645019     .12486098783072842     .25517882697226389E-02 .65212924182855347     .28447442919117283    
3.6000000000000001     2.7432223593794776     .88016542189569535     .68580558984486939     .22004135547392384     .12496937939039944     .24596488741072567E-02 .66997766570697592     .28888648665465044    
3.6600000000000001     2.6590284022286332     .81414291952711160     .66475710055715831     .20353572988177790     .12527459649344344     .24479817427941896E-02 .64557122546709311     .27156361141924945    
3.7200000000000002     2.8267778391853344     .77899444544809426     .70669445979633361     .19474861136202357     .12517354055929877     .24094660934214896E-02 .69726589037784426     .29928973198815217    
3.7800000000000002     2.7686361218886524     .74401252987731159     .69215903047216309     .18600313246932790     .12496691551055780     .24908286520273111E-02 .67195459437395177     .32032267487805344    
3.8399999999999999     3.0219279922686111     .99876297138766978     .75548199806715277     .24969074284691745     .12492063798267970     .24651812090356103E-02 .64011127621849562     .30590848310591823    
3.8999999999999999     2.9804813728960329     1.0764434787716715     .74512034322400822     .26911086969291786     .12508234670281629     .25973557391710022E-02 .67589432564628293     .29439981889056255    
3.9600000000000000     2.8901279746274007     1.2686095349976489     .72253199365685017     .31715238374941224     .12493904882943886     .25951615164949665E-02 .64008292916649978     .30366182150184323    
4.0200000000000005     2.6275993812797278     1.0785066287391387     .65689984531993195     .26962665718478468     .12485710339323323     .26232746583771632E-02 .55943620391351945     .25209566631921571    
4.0800000000000001     2.6977579835656145     1.3034997461049000     .67443949589140362     .32587493652622501     .12476131883667772     .26118739160497940E-02 .57862269977606007     .20618443198606362    
4.1399999999999997     2.4440744476013068     .96375442738774819     .61101861190032669     .24093860684693705     .12506978372578165     .25763494870482706E-02 .52248095464055133     .22840556811667329    
4.2000000000000002     2.2075698983343806     .80799736687304502     .55189247458359514     .20199934171826125     .12518817960509770     .25595711880294198E-02 .58425785926754237     .22249868392182237    
4.2599999999999998     2.2713057591964412     .82545229086467808     .56782643979911029     .20636307271616952     .12531256881680930     .24699366283713674E-02 .58996164570253329     .24690694546818426    
4.3200000000000003     2.3006120322881629     .83903753990496610     .57515300807204073     .20975938497624153     .12530587859495679     .24979234169212427E-02 .64177371940321437     .28720708146595109    
4.3799999999999999     2.2051766898940333     .86104639275826755     .55129417247350831     .21526159818956689     .12517492208048586     .25410321001660303E-02 .61865352987748257     .26310923556892540    
4.4400000000000004     2.1161589931329337     .73840228986294354     .52903974828323341     .18460057246573588     .12495785369744956     .24935073397202127E-02 .64659751196507254     .23385950632063368    
4.5000000000000000     2.0085505112061779     .70167949709520250     .50213762780154447     .17541987427380062     .12505088648872631     .25014165880333258E-02 .70324429974824354     .21507430055506421    
4.5600000000000005     2.0645029712761032     .71285797437200771     .51612574281902579     .17821449359300193     .12492000344056718     .24424612891823742E-02 .77059576973007726     .22749462164150056    
4.6200000000000001     2.1010453882685116     .85213175899632942     .52526134706712790     .21303293974908236     .12488161232056780     .24908369222864839E-02 .75939294501147969     .24751979359687293    
4.6799999999999997     2.3322025992780313     1.0663541687507234     .58305064981950783     .26658854218768085     .12469277231506171     .24548628211165367E-02 .84062791167188156     .26290298594481987    
4.7400000000000002     2.3225845005392287     .98771711847330046     .58064612513480718     .24692927961832511     .12468800758726487     .24725485330583056E-02 .79673229747239405     .26490712407093003    
4.7999999999999998     2.5048063051500540     1.0553035572879563     .62620157628751349     .26382588932198908     .12476323663814709     .25344011265020865E-02 .80211171413606741     .27855856009179386    
4.8600000000000003     2.5102868055304994     1.0316027172923457     .62757170138262486     .25790067932308641     .12462866324314593     .25266502744488648E-02 .82840924203859390     .28687689112787451    
4.9199999999999999     2.4487964285903909     1.1155204284377693     .61219910714759773     .27888010710944233     .12469596825552853     .25325632410550607E-02 .81781580364108042     .25652389738831538    
4.9800000000000004     2.3048705830394081     .91714334540718701     .57621764575985202     .22928583635179675     .12466794587593324     .25382630532530866E-02 .77379231085061984     .25607061434994355    
# zero sh rate intrinsic visc, ord =  1:  0.892564 +/-   1.693857
# zero sh rate intrinsic visc, ord =  2:  0.892446 +/-   1.681710
# zero sh rate intrinsic visc, ord =  3:  0.893043 +/-   1.681191
 # from Rouse model =   0.99999995628861182     
#longest Rouse =   1.00    , Zimm =   1.00    
