0.0000000000000000     .54396914041912903     0.0000000000000000     .13599228510478226     0.0000000000000000     0.0000000000000000     0.0000000000000000     .14530284875559857     0.0000000000000000    
.59999999999999998E-01 .64870957638047677     0.0000000000000000     .16217739409511919     0.0000000000000000     .20305401794831118     0.0000000000000000     .45252025471099161     0.0000000000000000    
.12000000000000000     .92500977278311591     0.0000000000000000     .23125244319577898     0.0000000000000000     .17628982071883059     0.0000000000000000     .83496473527415938     0.0000000000000000    
.17999999999999999     .67422194549960779     0.0000000000000000     .16855548637490195     0.0000000000000000     .15638721093346852     0.0000000000000000     .63501801276566960     0.0000000000000000    
.23999999999999999     .56544265341755806     0.0000000000000000     .14136066335438952     0.0000000000000000     .13630753483198946     0.0000000000000000     .49440432372043441     0.0000000000000000    
.29999999999999999     .67888075878958420     0.0000000000000000     .16972018969739605     0.0000000000000000     .13464894556367862     0.0000000000000000     .57157679680775120     0.0000000000000000    
.35999999999999999     .64180298603522212     0.0000000000000000     .16045074650880553     0.0000000000000000     .12846266394544853     0.0000000000000000     .60030406417269511     0.0000000000000000    
.41999999999999998     .59400903228673374     0.0000000000000000     .14850225807168344     0.0000000000000000     .13049519196518633     0.0000000000000000     .34282447152908374     0.0000000000000000    
.47999999999999998     .26738489745609323     0.0000000000000000     .66846224364023307E-01 0.0000000000000000     .12593850354954148     0.0000000000000000     .24341220174358957     0.0000000000000000    
.54000000000000004     .47839496325100211     0.0000000000000000     .11959874081275053     0.0000000000000000     .12416651154734235     0.0000000000000000     .54795108074496235     0.0000000000000000    
.59999999999999998     .47028495916924551     0.0000000000000000     .11757123979231138     0.0000000000000000     .12430396476668963     0.0000000000000000     .29436219583971035     0.0000000000000000    
.66000000000000003     .16853137148887090     0.0000000000000000     .42132842872217725E-01 0.0000000000000000     .12315144471212471     0.0000000000000000     .17204881279050566     0.0000000000000000    
.71999999999999997     .16663648722447275     0.0000000000000000     .41659121806118186E-01 0.0000000000000000     .12676928546287489     0.0000000000000000     .14904793850672321     0.0000000000000000    
.78000000000000003     .56232594646956269     0.0000000000000000     .14058148661739067     0.0000000000000000     .13011839653800786     0.0000000000000000     .44093734151721675     0.0000000000000000    
.83999999999999997     .58548142035002282     0.0000000000000000     .14637035508750570     0.0000000000000000     .13070349431591927     0.0000000000000000     .27744703340542815     0.0000000000000000    
.90000000000000002     .95844738881008706     0.0000000000000000     .23961184720252177     0.0000000000000000     .12832731372395420     0.0000000000000000     .44836702762887071     0.0000000000000000    
.95999999999999996     1.1666303171005357     0.0000000000000000     .29165757927513392     0.0000000000000000     .12853852894326948     0.0000000000000000     .53188402925908396     0.0000000000000000    
1.0200000000000000     .42709852265271764     0.0000000000000000     .10677463066317941     0.0000000000000000     .12612663011550543     0.0000000000000000     .19189386500224082     0.0000000000000000    
1.0800000000000001     .37196932965787888     0.0000000000000000     .92992332414469719E-01 0.0000000000000000     .12497722998664157     0.0000000000000000     .74774326547899672E-01 0.0000000000000000    
1.1400000000000001     .17451427902062430     0.0000000000000000     .43628569755156076E-01 0.0000000000000000     .12406323854406298     0.0000000000000000     .16857364500224153E-01 0.0000000000000000    
1.2000000000000000     .16718207951203615     0.0000000000000000     .41795519878009037E-01 0.0000000000000000     .12087379670546136     0.0000000000000000     .52498840030639482E-01 0.0000000000000000    
1.2600000000000000     .91488305654407256E-01 0.0000000000000000     .22872076413601814E-01 0.0000000000000000     .12465079834368603     0.0000000000000000     .17274674219396841     0.0000000000000000    
1.3200000000000001     .78818308305021989     0.0000000000000000     .19704577076255497     0.0000000000000000     .12682634352041050     0.0000000000000000     .21073898962376947     0.0000000000000000    
1.3800000000000001     .77115142590474006     0.0000000000000000     .19278785647618502     0.0000000000000000     .12793202293427064     0.0000000000000000     .84331863358390324E-01 0.0000000000000000    
1.4399999999999999     1.0459073492402453     0.0000000000000000     .26147683731006133     0.0000000000000000     .12547416232338801     0.0000000000000000     .20256544140430058     0.0000000000000000    
1.5000000000000000     .68415726842519908     0.0000000000000000     .17103931710629977     0.0000000000000000     .12565192638555589     0.0000000000000000     .85562985486201337E-01 0.0000000000000000    
1.5600000000000001     .65271807027634310     0.0000000000000000     .16317951756908577     0.0000000000000000     .12340559043974708     0.0000000000000000     .15757189795764381     0.0000000000000000    
1.6200000000000001     .76130259513654741     0.0000000000000000     .19032564878413685     0.0000000000000000     .12326546521355103     0.0000000000000000     .43103957154827222     0.0000000000000000    
1.6799999999999999     .47994563200244800     0.0000000000000000     .11998640800061200     0.0000000000000000     .12331018343873139     0.0000000000000000     .50184830836350258     0.0000000000000000    
1.7400000000000000     .67810206465489176     0.0000000000000000     .16952551616372294     0.0000000000000000     .12420388967098965     0.0000000000000000     .44719626357373315     0.0000000000000000    
1.8000000000000000     .49651904367094596     0.0000000000000000     .12412976091773649     0.0000000000000000     .12427758858771562     0.0000000000000000     .47333286724156259     0.0000000000000000    
1.8600000000000001     1.1888049178851010     0.0000000000000000     .29720122947127525     0.0000000000000000     .12402498250122414     0.0000000000000000     .96252333426251624     0.0000000000000000    
1.9199999999999999     .84674703082534897     0.0000000000000000     .21168675770633724     0.0000000000000000     .12582832057236393     0.0000000000000000     .83332025729644799     0.0000000000000000    
1.9800000000000000     .81788406140015590     0.0000000000000000     .20447101535003898     0.0000000000000000     .12469573791465569     0.0000000000000000     .49023249512441880     0.0000000000000000    
2.0400000000000000     .79026868050417698     0.0000000000000000     .19756717012604424     0.0000000000000000     .12830735518617056     0.0000000000000000     .57126240248297977     0.0000000000000000    
2.1000000000000001     1.0185251784668339     0.0000000000000000     .25463129461670847     0.0000000000000000     .12857037595360285     0.0000000000000000     .73062492984216543     0.0000000000000000    
2.1600000000000001     1.3106360328260105     0.0000000000000000     .32765900820650262     0.0000000000000000     .12925110585284341     0.0000000000000000     .68183865160188994     0.0000000000000000    
2.2200000000000002     1.5220765596766812     0.0000000000000000     .38051913991917030     0.0000000000000000     .12973898264353470     0.0000000000000000     .94241646805804113     0.0000000000000000    
2.2800000000000002     2.3246628109817884     0.0000000000000000     .58116570274544710     0.0000000000000000     .12939107549920692     0.0000000000000000     1.1257237446354911     0.0000000000000000    
2.3399999999999999     2.5809980321143393     0.0000000000000000     .64524950802858483     0.0000000000000000     .12902306460954194     0.0000000000000000     1.2894369623425979     0.0000000000000000    
2.3999999999999999     2.7380217298481515     0.0000000000000000     .68450543246203788     0.0000000000000000     .12792478128027460     0.0000000000000000     1.2556511404360118     0.0000000000000000    
2.4600000000000000     2.1209482289934893     0.0000000000000000     .53023705724837233     0.0000000000000000     .12829264280757427     0.0000000000000000     1.1448081926172633     0.0000000000000000    
2.5200000000000000     2.5314081549820693     0.0000000000000000     .63285203874551732     0.0000000000000000     .12892930965703728     0.0000000000000000     .98146628498413435     0.0000000000000000    
2.5800000000000001     3.1174169421704994     0.0000000000000000     .77935423554262484     0.0000000000000000     .12992816155007458     0.0000000000000000     .82132554084879983     0.0000000000000000    
2.6400000000000001     3.3838446489633989     0.0000000000000000     .84596116224084972     0.0000000000000000     .12916058725640864     0.0000000000000000     .91267683166432167     0.0000000000000000    
2.7000000000000002     3.1607438382312081     0.0000000000000000     .79018595955780202     0.0000000000000000     .12903996350128205     0.0000000000000000     .92999232923581865     0.0000000000000000    
2.7600000000000002     2.9651359844475289     0.0000000000000000     .74128399611188223     0.0000000000000000     .12828311782913815     0.0000000000000000     .62782365216763447     0.0000000000000000    
2.8199999999999998     3.0491133827697063     0.0000000000000000     .76227834569242658     0.0000000000000000     .12711615851565045     0.0000000000000000     .78119035843056583     0.0000000000000000    
2.8799999999999999     1.9372415422979992     0.0000000000000000     .48431038557449979     0.0000000000000000     .12698977483482299     0.0000000000000000     .76469593109075029     0.0000000000000000    
2.9399999999999999     2.2965090283339169     0.0000000000000000     .57412725708347923     0.0000000000000000     .12770115769962215     0.0000000000000000     .71039343721608916     0.0000000000000000    
3.0000000000000000     2.6821165137297740     0.0000000000000000     .67052912843244350     0.0000000000000000     .12723713199374800     0.0000000000000000     .45070250691712005     0.0000000000000000    
3.0600000000000001     2.9213682880185430     0.0000000000000000     .73034207200463575     0.0000000000000000     .12766978828974249     0.0000000000000000     .29915418773009633     0.0000000000000000    
3.1200000000000001     3.8722897629826272     0.0000000000000000     .96807244074565679     0.0000000000000000     .12600207362049437     0.0000000000000000     .51051215089216462     0.0000000000000000    
3.1800000000000002     3.5687637074297105     0.0000000000000000     .89219092685742762     0.0000000000000000     .12631237862231703     0.0000000000000000     .78309820670791119E-01 0.0000000000000000    
3.2400000000000002     4.7122334301575028     0.0000000000000000     1.1780583575393757     0.0000000000000000     .12635787131883647     0.0000000000000000     .24844270750040554     0.0000000000000000    
3.3000000000000003     3.9697460480297360     0.0000000000000000     .99243651200743399     0.0000000000000000     .12596875900901899     0.0000000000000000     .24475974150497473     0.0000000000000000    
3.3599999999999999     4.3897448187990769     0.0000000000000000     1.0974362046997692     0.0000000000000000     .12587377573447228     0.0000000000000000     .45031695736096311     0.0000000000000000    
3.4199999999999999     4.9792106059191807     0.0000000000000000     1.2448026514797952     0.0000000000000000     .12587385060634820     0.0000000000000000     .69050808280704656     0.0000000000000000    
3.4800000000000000     3.8564077744879208     0.0000000000000000     .96410194362198021     0.0000000000000000     .12539954858459515     0.0000000000000000     .45527387429855914     0.0000000000000000    
3.5400000000000000     4.2087251174229499     0.0000000000000000     1.0521812793557375     0.0000000000000000     .12466111967371439     0.0000000000000000     .73702728212904300     0.0000000000000000    
3.6000000000000001     3.4595354870366077     0.0000000000000000     .86488387175915193     0.0000000000000000     .12427956436938715     0.0000000000000000     .76842292092286990     0.0000000000000000    
3.6600000000000001     5.2041437946220777     0.0000000000000000     1.3010359486555194     0.0000000000000000     .12380316769659355     0.0000000000000000     1.1289285330210799     0.0000000000000000    
3.7200000000000002     6.1542023445546850     0.0000000000000000     1.5385505861386712     0.0000000000000000     .12476126985420911     0.0000000000000000     .85324193929707182     0.0000000000000000    
3.7800000000000002     5.3931638642325126     0.0000000000000000     1.3482909660581281     0.0000000000000000     .12531435841808872     0.0000000000000000     .65186055827815492     0.0000000000000000    
3.8399999999999999     4.5576611151105473     0.0000000000000000     1.1394152787776368     0.0000000000000000     .12462374282531762     0.0000000000000000     .92773758381331908E-01 0.0000000000000000    
3.8999999999999999     4.4834103580262097     0.0000000000000000     1.1208525895065524     0.0000000000000000     .12458612098562903     0.0000000000000000     .42800888326446712     0.0000000000000000    
3.9600000000000000     5.2981993965726772     0.0000000000000000     1.3245498491431693     0.0000000000000000     .12442958888337716     0.0000000000000000     .24023072679986213     0.0000000000000000    
4.0200000000000005     4.2754830767150205     0.0000000000000000     1.0688707691787551     0.0000000000000000     .12415750274850995     0.0000000000000000     .17465593454509484     0.0000000000000000    
4.0800000000000001     3.4482337615276726     0.0000000000000000     .86205844038191815     0.0000000000000000     .12423477676005909     0.0000000000000000     .47474631710768095     0.0000000000000000    
4.1399999999999997     3.7257620966454343     0.0000000000000000     .93144052416135859     0.0000000000000000     .12329290407721774     0.0000000000000000     .38801572854956140     0.0000000000000000    
4.2000000000000002     4.6806648126777057     0.0000000000000000     1.1701662031694264     0.0000000000000000     .12332439655011547     0.0000000000000000     .51853820850632981     0.0000000000000000    
4.2599999999999998     3.4492423483248063     0.0000000000000000     .86231058708120156     0.0000000000000000     .12361379846930202     0.0000000000000000     .49693796171013965     0.0000000000000000    
4.3200000000000003     2.9044277354115162     0.0000000000000000     .72610693385287906     0.0000000000000000     .12350076932739464     0.0000000000000000     .41772122439385156     0.0000000000000000    
4.3799999999999999     3.9787734259262009     0.0000000000000000     .99469335648155022     0.0000000000000000     .12294783946343871     0.0000000000000000     .47838171625956077     0.0000000000000000    
4.4400000000000004     3.6090992896397616     0.0000000000000000     .90227482240994039     0.0000000000000000     .12314231912547077     0.0000000000000000     .55800310242990225     0.0000000000000000    
4.5000000000000000     4.4826632923140100     0.0000000000000000     1.1206658230785025     0.0000000000000000     .12310884863895437     0.0000000000000000     .42799255327231228     0.0000000000000000    
4.5600000000000005     3.5849204771690593     0.0000000000000000     .89623011929226482     0.0000000000000000     .12347375566201821     0.0000000000000000     .48958337387477185     0.0000000000000000    
4.6200000000000001     3.5832970341781607     0.0000000000000000     .89582425854454018     0.0000000000000000     .12456682988859154     0.0000000000000000     .43788498657146957     0.0000000000000000    
4.6799999999999997     2.4741302507480842     0.0000000000000000     .61853256268702106     0.0000000000000000     .12430672506762491     0.0000000000000000     .36216020816117545     0.0000000000000000    
4.7400000000000002     1.9959307636609593     0.0000000000000000     .49898269091523983     0.0000000000000000     .12415671191600555     0.0000000000000000     .25255282355595804     0.0000000000000000    
4.7999999999999998     1.5833529224432459     0.0000000000000000     .39583823061081147     0.0000000000000000     .12417578794213938     0.0000000000000000     .51095131109276021E-01 0.0000000000000000    
4.8600000000000003     1.5691840482373880     0.0000000000000000     .39229601205934700     0.0000000000000000     .12358178298104111     0.0000000000000000     .10389685278013371     0.0000000000000000    
4.9199999999999999     2.0622650915688530     0.0000000000000000     .51556627289221324     0.0000000000000000     .12428711499896301     0.0000000000000000     .53227484722173279     0.0000000000000000    
4.9800000000000004     1.7342714414858773     0.0000000000000000     .43356786037146933     0.0000000000000000     .12422871050858429     0.0000000000000000     .31354739374051477     0.0000000000000000    
