0.0000000000000000     2.2709726664268968     .56774316660672419     0.0000000000000000     .35822669470865820                          1
.10000000000000001     2.9455805383623548     .73639513459058870     .16762569053242118     .65342133552189624E-01                      2
.20000000000000001     3.2279459425080819     .80698648562702047     .24665216274200003     .49200122250173728E-01                      3
.30000000000000004     1.5890636676004286     .39726591690010715     .22888650997433985     .16999081588846429                          4
.40000000000000002     .36671152517581923     .91677881293954808E-01 .18984008153792423     .34842665109611326                          5
.50000000000000000     .29398811737680475     .73497029344201187E-01 .16834329273324569     .40992908219435897                          6
.60000000000000009     .63684577550420651     .15921144387605163     .16360127697885213     .56831148314618030                          7
.70000000000000007     .16492011142010515     .41230027855026288E-01 .14941693668255604     .16727140421890896                          8
.80000000000000004     1.0790869057847163     .26977172644617908     .13359480137437230     .69179244290386843                          9
.90000000000000002     1.1398577970906965     .28496444927267411     .13317097749377518     .50571776028796445                         10
1.0000000000000000     .80342879276518331     .20085719819129583     .13009457277152509     .55678430865068840                         11
1.1000000000000001     .84320879029473994     .21080219757368499     .12808953341371249     .20363817604027135                         12
1.2000000000000002     2.8022637847201768     .70056594618004420     .13599662683935848     .59038030422179055                         13
1.3000000000000000     2.5260622518790621     .63151556296976552     .13308627223855252     .49333132787093736                         14
1.4000000000000001     2.2411151268901195     .56027878172252987     .14005861649551038     .45561735847924978                         15
1.5000000000000000     2.1964076721171435     .54910191802928587     .14059905653114108     .41429373024309069                         16
1.6000000000000001     1.0194117072526172     .25485292681315430     .13507414898704365     .32502611826573163                         17
1.7000000000000002     1.0709618617357677     .26774046543394192     .12904283888133680     .60139014992343906E-01                     18
1.8000000000000000     1.3743377774336205     .34358444435840513     .13005473219068947     .38597453584395430                         19
1.9000000000000001     1.4851874776737124     .37129686941842810     .12985628098737451     .14751353002723708                         20
2.0000000000000000     2.7371370211248509     .68428425528121273     .13012783035313050     .85578734572795967E-01                     21
2.1000000000000001     2.0557632496345670     .51394081240864176     .12689563284470035     .26473065471302587                         22
2.2000000000000002     2.7709345324827801     .69273363312069502     .12924358808027026     .43094576598402712E-01                     23
2.3000000000000003     1.2887195236194389     .32217988090485972     .12622504188517020     .14288938917652705                         24
2.4000000000000004     2.5522249049577330     .63805622623943326     .12807825272061696     .26905263693079062                         25
2.5000000000000000     3.0132110406267008     .75330276015667519     .12530639026126283     .91973091255424400                         26
2.6000000000000001     2.7883414699592994     .69708536748982486     .12615460350704361     .62074000517305428                         27
2.7000000000000002     2.1473589279003340     .53683973197508350     .12249712601663433     .58139212490785364                         28
2.8000000000000003     2.0148911222748982     .50372278056872455     .13294376082643350     .56827169593539228                         29
2.9000000000000004     1.0467917541847602     .26169793854619006     .13317391734459630     .16356712695095924                         30
