0.0000000000000000     .21461381585815500     .53653453964538751E-01 0.0000000000000000     .22534279554442216                          1
.59999999999999998E-01 .11982216783705305     .29955541959263261E-01 .79732933678974910E-01 .15097031206962722                          2
.12000000000000000     .49794236122363428     .12448559030590857     .10434585602021690     .28571421170521316                          3
.17999999999999999     .76799266096541641     .19199816524135410     .12399825476861505     .56190061223402488                          4
.23999999999999999     1.4424132705524961     .36060331763812403     .11666063208194186     .69313236375942444                          5
.29999999999999999     1.0323390898564695     .25808477246411737     .11651529855358600     .89636765574215183                          6
.35999999999999999     .65138632037901212     .16284658009475303     .11764988967466769     .71221198153131393                          7
.41999999999999998     1.1515408371331226     .28788520928328065     .11861761931143704     .86245811985557541                          8
.47999999999999998     1.9303106726505470     .48257766816263675     .12245357301961331     .94342729790495017                          9
.54000000000000004     3.1717497053763037     .79293742634407594     .12524905986275345     1.3288300652587441                         10
.59999999999999998     1.5782841052849275     .39457102632123187     .11767596047108485     .97253131746539878                         11
.66000000000000003     1.8031089028760321     .45077722571900802     .11072272147195210     .91504999521864916                         12
.71999999999999997     .81671308724885638     .20417827181221410     .10857791673110470     .51754017720206980                         13
.78000000000000003     1.1083789635918706     .27709474089796765     .11056418878961845     .22221335583974239E-01                     14
.83999999999999997     1.9411671174195708     .48529177935489271     .11249306282322159     .16327724827266765                         15
.90000000000000002     2.3667361765307580     .59168404413268949     .11330897958074491     .13738314702128399                         16
.95999999999999996     1.8445965888893863     .46114914722234657     .11415969338115728     .56835879101572018                         17
1.0200000000000000     1.4682539882492898     .36706349706232244     .11580597212316902     .58181113617005331                         18
1.0800000000000001     1.4076086496472575     .35190216241181438     .11655872519850026     .52217658497956987                         19
1.1400000000000001     .96931693570240329     .24232923392560082     .11704670612858112     .60739690846206651                         20
1.2000000000000000     .79141839230416899     .19785459807604225     .11603785396267544     .69770454324957387                         21
1.2600000000000000     .64786049337240481     .16196512334310120     .12151254060869818     .40561099591014338                         22
1.3200000000000001     .62898286013390470     .15724571503347617     .12103118317870983     .42677532766364012                         23
1.3800000000000001     1.5274508726530911     .38186271816327277     .11828374660590442     .79874520417663986                         24
1.4399999999999999     2.3666453172253417     .59166132930633542     .11920299222957947     .81876904764731462                         25
1.5000000000000000     1.5491384905371135     .38728462263427837     .11944654289856627     .59020186557829146                         26
1.5600000000000001     1.2337031447030389     .30842578617575972     .11689545256428827     .64071501729582359                         27
1.6200000000000001     1.7139296161768676     .42848240404421689     .11550658475842827     .50582524665047612                         28
1.6799999999999999     1.1796636775816414     .29491591939541034     .11541707281905531     .14528549581401562                         29
1.7400000000000000     2.4100962426203991     .60252406065509978     .11397011557512395     .46145317975425426                         30
1.8000000000000000     3.0264317061761488     .75660792654403719     .11173141196743239     .35056994464686908                         31
1.8600000000000001     5.3373460770699044     1.3343365192674761     .11273120767964076     .39661604107490578                         32
1.9199999999999999     6.0732974999664551     1.5183243749916138     .11563728886566010     .53826359577174876                         33
1.9800000000000000     5.8922336869420704     1.4730584217355176     .11694646718427512     .83601864974788986                         34
2.0400000000000000     4.4699770670408929     1.1174942667602232     .11779400779440607     .45808877204299853                         35
2.1000000000000001     6.2502073750460099     1.5625518437615025     .11869811749116180     .22274827841596923                         36
2.1600000000000001     7.3860260897578538     1.8465065224394634     .11803657451351515     .52077483825267701                         37
2.2200000000000002     7.3352729031546930     1.8338182257886733     .11743601851207422     .42531979473698961                         38
2.2800000000000002     7.8841741023009009     1.9710435255752252     .11851838499171091     .39890713123140803                         39
2.3399999999999999     8.7657530967687336     2.1914382741921834     .12033368875403361     .49486395423086771                         40
2.3999999999999999     10.824363752013612     2.7060909380034031     .12152282595428981     .31242502939297795                         41
2.4600000000000000     8.8488991904053034     2.2122247976013258     .12107256844085987     .14735379263488646                         42
2.5200000000000000     7.4360464247493310     1.8590116061873327     .12265793261188487     .24759418276087675                         43
2.5800000000000001     5.7391301125213747     1.4347825281303437     .12392981008839052     .16000306996537036                         44
2.6400000000000001     5.7046173996851302     1.4261543499212825     .12325562125415004     .14366310529051310E-01                     45
2.7000000000000002     4.6564068739684261     1.1641017184921065     .12195170944576002     .21177130324290902                         46
2.7600000000000002     4.7254677451452878     1.1813669362863219     .12233716881951739     .38007559494847032                         47
2.8199999999999998     5.5351658111203337     1.3837914527800834     .12430895803655331     .17809691965059313E-01                     48
2.8799999999999999     4.8632923618865220     1.2158230904716305     .12429269806539474     .36220696235336386                         49
2.9399999999999999     3.8744090507107223     .96860226267768057     .12395227667822492     .29260795892722907                         50
3.0000000000000000     4.0451967791272763     1.0112991947818191     .12369647180895214     .54445479326749124                         51
3.0600000000000001     4.0000265611551598     1.0000066402887899     .12224993598091943     .50636393204903973                         52
3.1200000000000001     3.1345518790183462     .78363796975458655     .12332427026531245     .52946715751572571                         53
3.1800000000000002     3.8798163991739139     .96995409979347846     .12236958736673915     .54517429714923671                         54
3.2400000000000002     4.4957878246554657     1.1239469561638664     .12210241422078366     .38659333595099959                         55
3.3000000000000003     5.6916741310899228     1.4229185327724807     .12163063153744832     .12241639761392599                         56
3.3599999999999999     5.2528294717267157     1.3132073679316789     .12113811107074705     .16998984572582387                         57
3.4199999999999999     6.9182954822389764     1.7295738705597441     .12078299656545143     .19745858008366218                         58
3.4800000000000000     5.7138239695198170     1.4284559923799542     .12003617859368629     .21768804269849540                         59
3.5400000000000000     8.1303589179128064     2.0325897294782016     .12091126726382827     .12584996469736651                         60
3.6000000000000001     5.6295258783025401     1.4073814695756350     .12088225010879218     .20750681516250524                         61
3.6600000000000001     2.9761719965583531     .74404299913958827     .12079294956178728     .40898743880237981E-01                     62
3.7200000000000002     3.2935443435826284     .82338608589565709     .12081048569176357     .14295489800504477                         63
3.7800000000000002     3.6916203476150189     .92290508690375472     .12034225986956427     .11661135216615749                         64
3.8399999999999999     4.4544421396114604     1.1136105349028651     .12117010065750217     .14066939735211556                         65
3.8999999999999999     4.2078526445201305     1.0519631611300326     .12103872069951284     .84078836503829732E-01                     66
3.9600000000000000     3.9910021975243120     .99775054938107799     .12114759838964592     .16102857378831525                         67
4.0200000000000005     4.7019289769859389     1.1754822442464847     .12008958317135063     .68917333834313443                         68
4.0800000000000001     4.1682657753543531     1.0420664438385883     .12062209065353154     .85067902076895341                         69
4.1399999999999997     3.6785130435122770     .91962826087806926     .12101605584145546     .41660600063735281                         70
4.2000000000000002     5.5589655630337296     1.3897413907584324     .12072977160403923     .32347821844458324                         71
4.2599999999999998     5.4725220497540343     1.3681305124385086     .12030807361080242     .13758986324721506                         72
4.3200000000000003     6.1800770368244127     1.5450192592061032     .12060097725570861     .13530597092919261E-01                     73
4.3799999999999999     6.8501328966379988     1.7125332241594997     .12093692620369295     .10234412004528251                         74
4.4400000000000004     4.8808591873945293     1.2202147968486323     .12104452588587901     .34728225273981936E-01                     75
4.5000000000000000     5.0678597860775225     1.2669649465193806     .12080018646572878     .48209264814861236                         76
4.5600000000000005     5.1279173336116290     1.2819793334029073     .12077424927886302     .68073813847698628                         77
4.6200000000000001     5.0104930274024895     1.2526232568506224     .12024653607492097     .94852789730927611                         78
4.6799999999999997     5.8109081758969481     1.4527270439742370     .12006660717757833     .87610459559238729                         79
4.7400000000000002     4.5067061612416452     1.1266765403104113     .11976260202261950     .87543131211583136                         80
4.7999999999999998     4.4138515483974672     1.1034628870993668     .11999074160301421     .52171677481724699                         81
4.8600000000000003     3.0284312822331683     .75710782055829207     .11982142107102445     .55577705331018334                         82
4.9199999999999999     3.0112494411590496     .75281236028976239     .12033990052293352     .66313685191979388                         83
4.9800000000000004     2.1919549430506233     .54798873576265583     .11973744417372251     1.0019533801102622                         84
