0.0000000000000000     6.2922909096359900     1.5730727274089975     0.0000000000000000     .65431184658232722E-01                      1
.59999999999999998E-01 6.6400641241954741     1.6600160310488685     .14972633119773318     .50784509727561662E-01                      2
.12000000000000000     5.8739561403316118     1.4684890350829030     .14307247151876126     .13356306060108986                          3
.17999999999999999     6.2664797605788785     1.5666199401447196     .12067441414684314     .13939338269377224                          4
.23999999999999999     7.4777794700580653     1.8694448675145163     .11631277635516686     .46389616795683480                          5
.29999999999999999     10.239786607957276     2.5599466519893190     .11739570959384620     .37469419518441821                          6
.35999999999999999     9.7223493436505954     2.4305873359126489     .11606342556453729     .31807238834422213E-01                      7
.41999999999999998     9.8795492734288946     2.4698873183572236     .11963040185811712     .12530188150300156                          8
.47999999999999998     11.992289476938870     2.9980723692347175     .11642520227726882     .14876419502106769                          9
.54000000000000004     9.5001841116410457     2.3750460279102614     .11220658768508182     .15485996073874861                         10
.59999999999999998     9.0041725598543820     2.2510431399635955     .10534888920719203     .42922380053758991                         11
.66000000000000003     8.4556499138755328     2.1139124784688832     .99670966356144503E-01 .75508323904870256                         12
.71999999999999997     7.4712452630020234     1.8678113157505059     .98041605797644940E-01 1.0732431659729256                         13
.78000000000000003     8.3515314266635130     2.0878828566658783     .10135147586048517     1.2831188351482967                         14
.83999999999999997     8.1059245912960556     2.0264811478240139     .10718150124188909     1.4149437572968306                         15
.90000000000000002     6.6975567583482398     1.6743891895870600     .10766399535033484     1.2806799716283321                         16
.95999999999999996     7.5025718095818243     1.8756429523954561     .10954253939593571     1.4904192773779801                         17
1.0200000000000000     7.6117490667894376     1.9029372666973594     .11218413899543173     1.5519626259995216                         18
1.0800000000000001     7.9054627674257114     1.9763656918564279     .11303152973662189     1.5473814604371841                         19
1.1400000000000001     7.5608535140042541     1.8902133785010635     .11610408234178851     1.6227697024284085                         20
1.2000000000000000     10.506383195535026     2.6265957988837565     .11439842219627522     1.3539281463389117                         21
1.2600000000000000     9.8224452389864112     2.4556113097466028     .11573301171474085     1.5526116071645621                         22
1.3200000000000001     10.391811629597161     2.5979529073992902     .11490346565323711     1.6034896797685747                         23
1.3800000000000001     7.7043164756019893     1.9260791189004973     .11691302433966499     1.1016272993982774                         24
1.4399999999999999     8.9663946673113486     2.2415986668278371     .11618386582009943     1.0735146835543286                         25
1.5000000000000000     8.6908076289852456     2.1727019072463114     .11717799010932055     .51726561384246517                         26
1.5600000000000001     10.391446402401781     2.5978616006004454     .11825578710564386     .46621635682843454                         27
1.6200000000000001     8.7450724470953709     2.1862681117738427     .11887672403106540     .62177266202155979                         28
1.6799999999999999     6.5998998145476069     1.6499749536369017     .12259201467175319     .68451768516296696                         29
1.7400000000000000     6.6269860694006377     1.6567465173501594     .12379616025007113     .27198362875402737                         30
1.8000000000000000     8.0367686100669182     2.0091921525167296     .12250918352496876     .22496830624397302                         31
1.8600000000000001     7.1042513816484032     1.7760628454121008     .12084999734528844     .41752068652700269                         32
1.9199999999999999     4.8509786988331633     1.2127446747082908     .12002485322060182     .21360101974030443                         33
1.9800000000000000     3.9069716887167552     .97674292217918879     .11983044955914388     .39319986019019926                         34
2.0400000000000000     3.7350363103692779     .93375907759231946     .12120028307207070     .53615707964428005                         35
2.1000000000000001     3.2906579145943358     .82266447864858394     .12295474579630229     1.0883699355538934                         36
2.1600000000000001     3.5751055276807708     .89377638192019271     .12190636528705244     1.1724947254644149                         37
2.2200000000000002     3.2922334518885181     .82305836297212953     .12438137981344813     1.0935585976761606                         38
2.2800000000000002     3.6323215493685490     .90808038734213725     .12247265019698686     .95397180158451622                         39
2.3399999999999999     3.3924591964051074     .84811479910127685     .12436805849910455     .60528355453958060                         40
2.3999999999999999     3.7632053939951828     .94080134849879571     .12361967294852808     .38086663608363225                         41
2.4600000000000000     3.1976542224630045     .79941355561575111     .12628283632231588     .40281616015361760                         42
2.5200000000000000     3.0451369413178244     .76128423532945610     .12621643302520716     .17928953181035975                         43
2.5800000000000001     2.2729970480184272     .56824926200460679     .12545350679542228     .26060247798650021                         44
2.6400000000000001     1.9571137369815887     .48927843424539719     .12517944992074484     .17750887944526722                         45
2.7000000000000002     1.4513445618534861     .36283614046337154     .12486835106007663     .18980041672367404E-01                     46
2.7600000000000002     1.4378635201784440     .35946588004461100     .12396035557424655     .34641278836648602E-01                     47
2.8199999999999998     1.3974140591210880     .34935351478027199     .12342996423724034     .25748487307627693                         48
2.8799999999999999     1.4141575326401206     .35353938316003014     .12394228091753402     .43891793373816684                         49
2.9399999999999999     .99399552181753836     .24849888045438459     .12309738398245619     .31639362999226733                         50
3.0000000000000000     1.2267510467440612     .30668776168601530     .12279994921826491     .59325570287003337                         51
3.0600000000000001     1.5963226657977625     .39908066644944062     .12342490103167242     .96563154105926019                         52
3.1200000000000001     1.6644381614991182     .41610954037477954     .12369819437756258     .65274040234558317                         53
3.1800000000000002     1.9087438820984626     .47718597052461564     .12331613295274492     .69219244283900161                         54
3.2400000000000002     1.5317914103827057     .38294785259567643     .12561292092418233     .36569134618751509                         55
3.3000000000000003     3.1299610350330438     .78249025875826095     .12658926878682711     .58985665423474265                         56
3.3599999999999999     2.7049996643571759     .67624991608929397     .12572948878154713     .40802735912948940                         57
3.4199999999999999     3.1634207644240928     .79085519110602320     .12624973041074358     .51229265746687569                         58
3.4800000000000000     3.1156287332520503     .77890718331301256     .12659686038817589     .59419447645385537                         59
3.5400000000000000     3.1140405703257761     .77851014258144402     .12597377507883001     .71394413854352867                         60
3.6000000000000001     2.9444016175548926     .73610040438872315     .12563157227891672     .58514890021253296                         61
3.6600000000000001     2.6306959775542653     .65767399438856633     .12542941292545837     .93960598655361793                         62
3.7200000000000002     3.5982153834550821     .89955384586377052     .12527590830470012     1.1304663133612731                         63
3.7800000000000002     4.5299412202074478     1.1324853050518620     .12591309960998820     1.5270829066628944                         64
3.8399999999999999     2.9881848743381236     .74704621858453091     .12533801867881966     1.1837955568501912                         65
3.8999999999999999     2.6995778572267137     .67489446430667843     .12504187824038368     1.1411741601270071                         66
3.9600000000000000     2.4449125449936968     .61122813624842420     .12453116976901395     1.2360832667241515                         67
4.0200000000000005     2.0476742315006851     .51191855787517127     .12476523704720513     1.1848923803514679                         68
4.0800000000000001     1.7881132899511765     .44702832248779412     .12391746713538929     .99259254750722736                         69
4.1399999999999997     1.6330122947528931     .40825307368822328     .12409335259737331     .82009355373164461                         70
4.2000000000000002     1.8033645371233993     .45084113428084982     .12383639873791639     .73479724931575774                         71
4.2599999999999998     2.2117820515763071     .55294551289407678     .12430480316471787     .93139356965176634                         72
4.3200000000000003     2.2275496036789311     .55688740091973277     .12447297188789770     1.0676405125723978                         73
4.3799999999999999     2.5529521335893346     .63823803339733365     .12347227965932898     1.2134394223526155                         74
4.4400000000000004     2.3390946802438650     .58477367006096626     .12322336878927752     1.2593973568891736                         75
4.5000000000000000     1.5894582368062369     .39736455920155922     .12337392574046191     1.0055027340259917                         76
4.5600000000000005     1.3906882169611900     .34767205424029751     .12353374842859642     1.0514124611458038                         77
4.6200000000000001     1.2849685934864139     .32124214837160348     .12396598125889044     .87568238430525414                         78
4.6799999999999997     .91620155145255222     .22905038786313806     .12418801104647249     .63867776257797582                         79
4.7400000000000002     .88663799748638572     .22165949937159643     .12348608918379629     .43267842643864157                         80
4.7999999999999998     .48236505375543193     .12059126343885798     .12336778660907730     .87405981842509486E-01                     81
4.8600000000000003     .21527355779145063     .53818389447862658E-01 .12316826806089806     .33054604514005614                         82
4.9199999999999999     .24579132072833693     .61447830182084232E-01 .12354535869275916     .48270630607430320                         83
4.9800000000000004     .43037269018162572     .10759317254540643     .12344660384577205     .62364860270331735                         84
