0.0000000000000000     9.0421469395342928     2.2605367348835732     0.0000000000000000     .10697519006074532                          1
.59999999999999998E-01 7.6471027362213793     1.9117756840553448     .14426115731548794     .36983394144179331E-01                      2
.12000000000000000     6.0121305696166232     1.5030326424041558     .14462560762190327     .23806874446222304                          3
.17999999999999999     5.4688547508465382     1.3672136877116345     .14103350098827758     .42271811549287691                          4
.23999999999999999     6.2715364206997251     1.5678841051749313     .13727590493198102     .87993906641116226                          5
.29999999999999999     6.2053593328372472     1.5513398332093118     .12647693144367148     .83723054279788900                          6
.35999999999999999     4.6308508681046918     1.1577127170261730     .12933732948340662     .81674131656645210                          7
.41999999999999998     4.4657918153902703     1.1164479538475676     .12069196384118266     .38147684264975490                          8
.47999999999999998     7.2470145077567594     1.8117536269391898     .12685647295561014     .18131454058870758                          9
.54000000000000004     7.0460020909771020     1.7615005227442755     .12630014072466900     .95421777153588405E-02                     10
.59999999999999998     5.7140375378482711     1.4285093844620678     .12331362097289708     .13611279849834024                         11
.66000000000000003     4.4405849094958842     1.1101462273739711     .12260402144894865     .22858408471540781                         12
.71999999999999997     4.7802591275499262     1.1950647818874816     .12663233619697140     .53243690170402314                         13
.78000000000000003     4.1956007452244126     1.0489001863061032     .12683503010755717     .59733050300246437                         14
.83999999999999997     4.0470218790382262     1.0117554697595565     .12535006952360503     .68703272606792054                         15
.90000000000000002     4.1124910989725993     1.0281227747431498     .12761711875733531     .83402365426884273                         16
.95999999999999996     3.8590764229727670     .96476910574319175     .12866864342749457     .88998008486542313                         17
1.0200000000000000     2.8862014667771918     .72155036669429795     .12630753074785497     .67529936055961459                         18
1.0800000000000001     1.8737429155267422     .46843572888168555     .12468054387304980     .35025406550477611                         19
1.1400000000000001     1.9031318070754693     .47578295176886731     .12462183893141816     .39226635271874860                         20
1.2000000000000000     1.2933868361865648     .32334670904664120     .12375392288827498     .44934885525093737                         21
1.2600000000000000     .60166953292583392     .15041738323145848     .12328958312604955     .42464720826946573                         22
1.3200000000000001     1.0747829062017531     .26869572655043827     .12225000094298873     .44162750445143051                         23
1.3800000000000001     1.0080966434354743     .25202416085886858     .12433583038142527     .38278597052137697                         24
1.4399999999999999     1.6480615561704033     .41201538904260082     .12370987688519082     .56479479995579529                         25
1.5000000000000000     .47774622667561240     .11943655666890310     .12554583581465081     .24345906434999492                         26
1.5600000000000001     .46649951842493109     .11662487960623277     .12609213447829321     .10767950601822771E-01                     27
1.6200000000000001     .35675165492112570     .89187913730281426E-01 .12915036173370342     .19174076817670724                         28
1.6799999999999999     .64195815262882627     .16048953815720657     .12774619394271791     .29848795535274109                         29
1.7400000000000000     1.2001734920436475     .30004337301091188     .12918895813536177     .42768736077135894                         30
1.8000000000000000     1.6124416320413748     .40311040801034370     .12949067827342722     .58019638716421373                         31
1.8600000000000001     1.9178894049349089     .47947235123372722     .13117517308411769     .67608336163386806                         32
1.9199999999999999     3.1626714635310242     .79066786588275606     .13168194697574612     1.1224958914724239                         33
1.9800000000000000     2.9341116059607337     .73352790149018343     .13071846946396268     .98874084279987318                         34
2.0400000000000000     4.2752831038512777     1.0688207759628194     .12965369646156413     1.3280259699033219                         35
2.1000000000000001     4.9594362797257743     1.2398590699314436     .13041982784419864     1.4585916228296691                         36
2.1600000000000001     4.8581742095212395     1.2145435523803099     .13076742596596433     1.5349773215691098                         37
2.2200000000000002     4.6086055020642629     1.1521513755160657     .13094802976046321     1.7492052184999598                         38
2.2800000000000002     4.6921018976085120     1.1730254744021280     .13074304737724016     1.8792858344939387                         39
2.3399999999999999     3.6749764390680371     .91874410976700926     .13038358049815671     1.7614813201746602                         40
2.3999999999999999     3.9873014976379153     .99682537440947883     .12904355713382862     1.8267541960592724                         41
2.4600000000000000     2.8131598316415820     .70328995791039550     .12957766723862060     1.4629535279356127                         42
2.5200000000000000     3.3162613882557999     .82906534706394996     .13018515258190771     1.5606227430773396                         43
2.5800000000000001     3.3788986302964781     .84472465757411952     .13102535920589961     1.4758923909915396                         44
2.6400000000000001     3.7684491076449804     .94211227691124511     .13035452089953878     1.4519197017751426                         45
2.7000000000000002     3.3680818970482731     .84202047426206827     .13128547696741247     1.3761067026063882                         46
2.7600000000000002     3.1288732719598475     .78221831798996189     .12994085022641733     1.4715127729702016                         47
2.8199999999999998     4.0361327031412211     1.0090331757853053     .12987654516054412     1.6298321748239839                         48
2.8799999999999999     4.8908279721671235     1.2227069930417809     .12975063921811478     1.4353262867026242                         49
2.9399999999999999     3.7827084139900222     .94567710349750556     .12977512839487740     1.1614995816455724                         50
3.0000000000000000     2.7358303425283297     .68395758563208242     .13022398658412007     .83227393474938127                         51
3.0600000000000001     3.5716196549338330     .89290491373345826     .13088848248437243     .78582028730144859                         52
3.1200000000000001     2.5982294796367569     .64955736990918922     .13018122748884048     .48924788772017086                         53
3.1800000000000002     3.4609018770068838     .86522546925172095     .13066594685184102     .90736876932965727                         54
3.2400000000000002     3.5592197863697415     .88980494659243536     .12988761168564650     .76362325132769904                         55
3.3000000000000003     4.6979930043658129     1.1744982510914532     .13006275186909425     .76550423624065056                         56
3.3599999999999999     2.9947339568501019     .74868348921252548     .12905153186618140     .63295154295585188                         57
3.4199999999999999     2.2327575292201374     .55818938230503434     .12879773770736330     .50879338213643144                         58
3.4800000000000000     2.5558517167710693     .63896292919276731     .12847944137182837     .46560861418710303                         59
3.5400000000000000     2.5805622840744360     .64514057101860900     .12899019175085841     .78397060198019966E-01                     60
3.6000000000000001     2.0866402767094874     .52166006917737184     .12874082884769952     .56839815993888557E-02                     61
3.6600000000000001     2.9609635212078209     .74024088030195523     .13043988046464700     .41195499211563169                         62
3.7200000000000002     2.4427943717733771     .61069859294334428     .13049037395482987     .72391824571644148                         63
3.7800000000000002     3.1077244398722335     .77693110996805836     .13115311265870522     .89788525975924394                         64
3.8399999999999999     4.5242849129961042     1.1310712282490261     .13229468533210598     1.0146488958855722                         65
3.8999999999999999     6.0299564639883858     1.5074891159970965     .13295914172953882     .97147399177530391                         66
3.9600000000000000     7.7348952496840768     1.9337238124210192     .13288951397894341     .28836316836271531                         67
4.0200000000000005     7.9259373816213836     1.9814843454053459     .13282246540156062     .34015339791117732                         68
4.0800000000000001     11.067837656636103     2.7669594141590257     .13262725388843780     1.0712800052675804                         69
4.1399999999999997     6.3199708927070573     1.5799927231767643     .13266209638297349     .55424143922245128                         70
4.2000000000000002     4.6360323620753610     1.1590080905188402     .13280916639825174     .44113442957103671                         71
4.2599999999999998     5.2266779287341105     1.3066694821835276     .13204928411495270     .39555703959653694E-01                     72
4.3200000000000003     4.5600646370693605     1.1400161592673401     .13206036709827415     .32889767736424470E-01                     73
4.3799999999999999     3.3255384022730134     .83138460056825336     .13269059976716829     .14209021825402818E-01                     74
4.4400000000000004     2.9685757170866602     .74214392927166506     .13248009966683860     .12063876024375154                         75
4.5000000000000000     2.6118119664890540     .65295299162226350     .13323077322337612     .28160093630446797                         76
4.5600000000000005     3.2952484678916822     .82381211697292056     .13238870047535550     .90249363219909728                         77
4.6200000000000001     3.2803139193987576     .82007847984968940     .13221338526014512     .84884359247818664                         78
4.6799999999999997     2.9397361394685384     .73493403486713460     .13191518224787885     1.0101930372501731                         79
4.7400000000000002     4.0682346961624392     1.0170586740406098     .13226312729181602     1.1681551905872614                         80
4.7999999999999998     4.8571942636728416     1.2142985659182104     .13185454386062376     1.1569481924665350                         81
4.8600000000000003     3.7729574336074432     .94323935840186079     .13116434966630067     .79796705393736023                         82
4.9199999999999999     4.4725001785835641     1.1181250446458910     .13107355764812476     .64796590801018983                         83
4.9800000000000004     3.6817692580411285     .92044231451028213     .13125843121500042     .47596891501682831                         84
