0.0000000000000000     2.0296319817338868     0.0000000000000000     .50740799543347170     0.0000000000000000     0.0000000000000000     0.0000000000000000     .38549272921637157                          1
.59999999999999998E-01 2.2406099998912854     0.0000000000000000     .56015249997282135     0.0000000000000000     .13736254084606317     0.0000000000000000     .86841010267713870                          2
.12000000000000000     2.1637434897121874     0.0000000000000000     .54093587242804686     0.0000000000000000     .15462664174242580     0.0000000000000000     .72818412168324509                          3
.17999999999999999     1.8415941472434874     0.0000000000000000     .46039853681087184     0.0000000000000000     .16224675389693557     0.0000000000000000     .52596545260205285                          4
.23999999999999999     3.0096351804361214     0.0000000000000000     .75240879510903036     0.0000000000000000     .14736234997598927     0.0000000000000000     .72162625992703511                          5
.29999999999999999     3.1110584262221699     0.0000000000000000     .77776460655554247     0.0000000000000000     .13325586932712952     0.0000000000000000     1.0990828315839054                          6
.35999999999999999     3.8808213399595353     0.0000000000000000     .97020533498988382     0.0000000000000000     .12578177991845202     0.0000000000000000     1.1348217363532349                          7
.41999999999999998     4.1454644435494004     0.0000000000000000     1.0363661108873501     0.0000000000000000     .13063650139511826     0.0000000000000000     1.1459511287055810                          8
.47999999999999998     3.2298423239755563     0.0000000000000000     .80746058099388907     0.0000000000000000     .12695282163344812     0.0000000000000000     1.2528052524020907                          9
.54000000000000004     4.1583344663334323     0.0000000000000000     1.0395836165833581     0.0000000000000000     .12284122522125923     0.0000000000000000     1.6088760723742968                         10
.59999999999999998     3.3200846641766080     0.0000000000000000     .83002116604415199     0.0000000000000000     .12343567868510735     0.0000000000000000     1.3780786020292908                         11
.66000000000000003     3.1249101190913811     0.0000000000000000     .78122752977284526     0.0000000000000000     .12821987168912591     0.0000000000000000     1.2774458377351350                         12
.71999999999999997     3.3333549443583466     0.0000000000000000     .83333873608958664     0.0000000000000000     .12628046754995498     0.0000000000000000     1.6187950240426141                         13
.78000000000000003     2.8541771331774415     0.0000000000000000     .71354428329436037     0.0000000000000000     .12382110668520302     0.0000000000000000     1.6023920368825915                         14
.83999999999999997     3.0080838581942619     0.0000000000000000     .75202096454856548     0.0000000000000000     .12478969789575907     0.0000000000000000     1.6276977025331680                         15
.90000000000000002     2.4456049185943995     0.0000000000000000     .61140122964859989     0.0000000000000000     .12204421094207243     0.0000000000000000     1.5431923973114281                         16
.95999999999999996     2.9213273818117740     0.0000000000000000     .73033184545294350     0.0000000000000000     .12194998413955076     0.0000000000000000     1.6862290356344956                         17
1.0200000000000000     4.0967074628536588     0.0000000000000000     1.0241768657134147     0.0000000000000000     .12255370706479270     0.0000000000000000     1.9391853559647125                         18
1.0800000000000001     3.5638350266456333     0.0000000000000000     .89095875666140834     0.0000000000000000     .12415997646595908     0.0000000000000000     1.6795659357606860                         19
1.1400000000000001     2.4094962023504367     0.0000000000000000     .60237405058760918     0.0000000000000000     .12441259665916922     0.0000000000000000     1.3028275570243855                         20
1.2000000000000000     1.5437458077243320     0.0000000000000000     .38593645193108300     0.0000000000000000     .12354729369581578     0.0000000000000000     1.0251454563720204                         21
1.2600000000000000     1.5664080596866767     0.0000000000000000     .39160201492166918     0.0000000000000000     .12262539337427580     0.0000000000000000     .95003127843563739                         22
1.3200000000000001     1.9744779868082543     0.0000000000000000     .49361949670206356     0.0000000000000000     .12110106379806769     0.0000000000000000     1.0904745109917671                         23
1.3800000000000001     1.3777657283458398     0.0000000000000000     .34444143208645994     0.0000000000000000     .12178819693231206     0.0000000000000000     .91029832130423538                         24
1.4399999999999999     1.0256175003401473     0.0000000000000000     .25640437508503683     0.0000000000000000     .12070474326186093     0.0000000000000000     .39926566137187636                         25
1.5000000000000000     1.7279406586178374     0.0000000000000000     .43198516465445935     0.0000000000000000     .12453755717210034     0.0000000000000000     .52393595031720563                         26
1.5600000000000001     2.2268787270989101     0.0000000000000000     .55671968177472753     0.0000000000000000     .12351809093610486     0.0000000000000000     .87319689731435757                         27
1.6200000000000001     2.1669331374654943     0.0000000000000000     .54173328436637358     0.0000000000000000     .12329958838374688     0.0000000000000000     .58062615778868465                         28
1.6799999999999999     1.5142671449389291     0.0000000000000000     .37856678623473228     0.0000000000000000     .12176650783027498     0.0000000000000000     .26538119910379271                         29
1.7400000000000000     1.2597041667464022     0.0000000000000000     .31492604168660054     0.0000000000000000     .12276217797047717     0.0000000000000000     .17564625994673833                         30
1.8000000000000000     .76162859289832829     0.0000000000000000     .19040714822458207     0.0000000000000000     .12333266228292485     0.0000000000000000     .15878823942207160                         31
1.8600000000000001     1.2210820475162705     0.0000000000000000     .30527051187906762     0.0000000000000000     .12084311170475351     0.0000000000000000     .25617823230631975                         32
1.9199999999999999     1.1184383574537913     0.0000000000000000     .27960958936344782     0.0000000000000000     .12117035378929242     0.0000000000000000     .31755936495811077                         33
1.9800000000000000     1.2126406089004484     0.0000000000000000     .30316015222511211     0.0000000000000000     .12060044305298190     0.0000000000000000     .45251724916864244E-01                     34
2.0400000000000000     1.3336879667717616     0.0000000000000000     .33342199169294040     0.0000000000000000     .11980067579195117     0.0000000000000000     .14349040759994028                         35
2.1000000000000001     .67360067069757990     0.0000000000000000     .16840016767439497     0.0000000000000000     .11987709128222829     0.0000000000000000     .22915642069917119                         36
2.1600000000000001     .87800162858227115     0.0000000000000000     .21950040714556779     0.0000000000000000     .12002804022051657     0.0000000000000000     .21638379304404670                         37
2.2200000000000002     1.2795188976967746     0.0000000000000000     .31987972442419366     0.0000000000000000     .11973661640127380     0.0000000000000000     .28764095613512819                         38
2.2800000000000002     1.0987261634802534     0.0000000000000000     .27468154087006336     0.0000000000000000     .12058398371679867     0.0000000000000000     .54377076615339770                         39
2.3399999999999999     .62102983429071346     0.0000000000000000     .15525745857267836     0.0000000000000000     .12169466090421527     0.0000000000000000     .59355913483389122                         40
2.3999999999999999     .65776328163944597     0.0000000000000000     .16444082040986149     0.0000000000000000     .12228169968599886     0.0000000000000000     .53802216077090115                         41
2.4600000000000000     .86258378035726935     0.0000000000000000     .21564594508931734     0.0000000000000000     .12423715679321180     0.0000000000000000     .53612005515762573                         42
2.5200000000000000     1.4586920350045149     0.0000000000000000     .36467300875112874     0.0000000000000000     .12409530093240456     0.0000000000000000     .71606167157973866                         43
2.5800000000000001     1.1616423255238792     0.0000000000000000     .29041058138096981     0.0000000000000000     .12361203878773398     0.0000000000000000     .45553780246186337                         44
2.6400000000000001     1.0166421873741593     0.0000000000000000     .25416054684353984     0.0000000000000000     .12196676771407515     0.0000000000000000     .28129464864338505                         45
2.7000000000000002     .35037756363461936     0.0000000000000000     .87594390908654840E-01 0.0000000000000000     .12302835311239380     0.0000000000000000     .38998105045914633                         46
2.7600000000000002     .86206333215453324     0.0000000000000000     .21551583303863331     0.0000000000000000     .12392601911982309     0.0000000000000000     .45081624924193936                         47
2.8199999999999998     .96446159348967531     0.0000000000000000     .24111539837241883     0.0000000000000000     .12426151795907892     0.0000000000000000     .30734416747096932                         48
2.8799999999999999     .73256543830483845     0.0000000000000000     .18314135957620961     0.0000000000000000     .12380074303569105     0.0000000000000000     .25233129088906257E-03                     49
2.9399999999999999     1.0278318078584128     0.0000000000000000     .25695795196460319     0.0000000000000000     .12260880238933228     0.0000000000000000     .47813537976825660                         50
3.0000000000000000     1.3443112058135867     0.0000000000000000     .33607780145339666     0.0000000000000000     .12197445045629972     0.0000000000000000     .17948302853220746                         51
3.0600000000000001     1.9329061902281821     0.0000000000000000     .48322654755704553     0.0000000000000000     .12314440594567001     0.0000000000000000     .92776755347233064E-01                     52
3.1200000000000001     3.0018082325614328     0.0000000000000000     .75045205814035820     0.0000000000000000     .12275643301127140     0.0000000000000000     .61685380137734405E-01                     53
3.1800000000000002     3.6091016124365449     0.0000000000000000     .90227540310913623     0.0000000000000000     .12214575913024603     0.0000000000000000     .29669448139073760E-01                     54
3.2400000000000002     4.7384455855118803     0.0000000000000000     1.1846113963779701     0.0000000000000000     .12243601065944916     0.0000000000000000     .10031531104619835                         55
3.3000000000000003     4.0697777673876860     0.0000000000000000     1.0174444418469215     0.0000000000000000     .12249880789166266     0.0000000000000000     .77067459673247865E-01                     56
3.3599999999999999     3.2660637095661209     0.0000000000000000     .81651592739153023     0.0000000000000000     .12205567285218252     0.0000000000000000     .12821117755979886E-01                     57
3.4199999999999999     3.5417805004728011     0.0000000000000000     .88544512511820028     0.0000000000000000     .12105611518107119     0.0000000000000000     .11002626738639754                         58
3.4800000000000000     2.6436594105304669     0.0000000000000000     .66091485263261673     0.0000000000000000     .12075458648102365     0.0000000000000000     .65520063593811628E-01                     59
3.5400000000000000     3.3432822942832385     0.0000000000000000     .83582057357080963     0.0000000000000000     .12057490422706316     0.0000000000000000     .16913788530432930                         60
3.6000000000000001     3.2488638987810390     0.0000000000000000     .81221597469525975     0.0000000000000000     .12223482128081276     0.0000000000000000     .23731330532525663                         61
3.6600000000000001     3.0692742257793606     0.0000000000000000     .76731855644484015     0.0000000000000000     .12258946390897828     0.0000000000000000     .61872661311403107E-01                     62
3.7200000000000002     4.5346571747213691     0.0000000000000000     1.1336642936803423     0.0000000000000000     .12159028234465494     0.0000000000000000     .19501655207841717                         63
3.7800000000000002     3.7698086611945878     0.0000000000000000     .94245216529864695     0.0000000000000000     .12101089491117108     0.0000000000000000     .27018372709062433                         64
3.8399999999999999     4.5256083827198621     0.0000000000000000     1.1314020956799655     0.0000000000000000     .12109610299343036     0.0000000000000000     .37547050410423549                         65
3.8999999999999999     2.8743886963533685     0.0000000000000000     .71859717408834212     0.0000000000000000     .12053697290756636     0.0000000000000000     .25961639777103090                         66
3.9600000000000000     2.6397292522423381     0.0000000000000000     .65993231306058453     0.0000000000000000     .12032994062120893     0.0000000000000000     .11651601021909958                         67
4.0200000000000005     2.6958311373888195     0.0000000000000000     .67395778434720488     0.0000000000000000     .12030307319463307     0.0000000000000000     .36347039532580627                         68
4.0800000000000001     2.1599812943855730     0.0000000000000000     .53999532359639324     0.0000000000000000     .12009269066467469     0.0000000000000000     .50132198671198525                         69
4.1399999999999997     1.6539455099770828     0.0000000000000000     .41348637749427070     0.0000000000000000     .12006635033105756     0.0000000000000000     .54524132177334672                         70
4.2000000000000002     1.6633743098459044     0.0000000000000000     .41584357746147610     0.0000000000000000     .12069571190263380     0.0000000000000000     .70849507440043302                         71
4.2599999999999998     .98338522276967433     0.0000000000000000     .24584630569241858     0.0000000000000000     .12130434373910544     0.0000000000000000     .57138645609830829                         72
4.3200000000000003     1.2105158430138940     0.0000000000000000     .30262896075347351     0.0000000000000000     .12092987629499374     0.0000000000000000     .71804592430032832                         73
4.3799999999999999     .91504003480280005     0.0000000000000000     .22876000870070001     0.0000000000000000     .12112956754543662     0.0000000000000000     .57727637067697557                         74
4.4400000000000004     1.3103686606468414     0.0000000000000000     .32759216516171036     0.0000000000000000     .12122734125511471     0.0000000000000000     .15316216171218749                         75
4.5000000000000000     .98321507955400755     0.0000000000000000     .24580376988850189     0.0000000000000000     .12096343413785848     0.0000000000000000     .18134060253467331E-01                     76
4.5600000000000005     2.3435810209289407     0.0000000000000000     .58589525523223518     0.0000000000000000     .12190098112541625     0.0000000000000000     .38533542361585937                         77
4.6200000000000001     2.4236503412074555     0.0000000000000000     .60591258530186387     0.0000000000000000     .12136257972068533     0.0000000000000000     .30930206487705642                         78
4.6799999999999997     3.4111772411025010     0.0000000000000000     .85279431027562524     0.0000000000000000     .12113628234936062     0.0000000000000000     .65553695647859933                         79
4.7400000000000002     3.5872304534566588     0.0000000000000000     .89680761336416470     0.0000000000000000     .12116446509323385     0.0000000000000000     .48549310457144224                         80
4.7999999999999998     4.5609179268211317     0.0000000000000000     1.1402294817052829     0.0000000000000000     .12146558909476594     0.0000000000000000     .62779255343694751                         81
4.8600000000000003     4.6352270358992946     0.0000000000000000     1.1588067589748237     0.0000000000000000     .12185378912544939     0.0000000000000000     .64670885618015994                         82
4.9199999999999999     2.5767150782402224     0.0000000000000000     .64417876956005560     0.0000000000000000     .12207923557453264     0.0000000000000000     .54841664642646037                         83
4.9800000000000004     2.7491978006741444     0.0000000000000000     .68729945016853611     0.0000000000000000     .12195553824194504     0.0000000000000000     .37346845946820795                         84
