0.0000000000000000     2.4179257116972561     .60448142792431403     0.0000000000000000     .85590316910189601                          1
.59999999999999998E-01 3.0258263503531500     .75645658758828749     .93022118515061036E-01 .80703543870561323                          2
.12000000000000000     3.5378744474952377     .88446861187380943     .10310479751339249     1.0452216296702996                          3
.17999999999999999     3.3499994986923007     .83749987467307518     .11639306472869745     .63671367264888079                          4
.23999999999999999     3.0478956014889826     .76197390037224566     .12072123559211095     .59534711906624671                          5
.29999999999999999     5.1830392032997725     1.2957598008249431     .11685553720028301     .59885877625138662                          6
.35999999999999999     4.7389656503382511     1.1847414125845628     .11154916376864253     .56986788919697240                          7
.41999999999999998     4.0007058386911689     1.0001764596727922     .10303756745748650     .59477256845379289                          8
.47999999999999998     4.4144982635748846     1.1036245658937212     .98090264592488416E-01 .60336653144674135                          9
.54000000000000004     4.4991950311848488     1.1247987577962122     .10248964571083879     .61842581313272338                         10
.59999999999999998     4.5805104578445581     1.1451276144611395     .10311688452792307     .71444936662181857                         11
.66000000000000003     3.8997816082342354     .97494540205855884     .10201013987681266     .17583854372589586                         12
.71999999999999997     4.3257859256533138     1.0814464814133284     .10965955150671378     .83153877930372974E-01                     13
.78000000000000003     4.7062675742849205     1.1765668935712301     .11206272925003800     .44258666398355095                         14
.83999999999999997     3.6223897982398796     .90559744955996990     .11582374776948497     .19388645902143453                         15
.90000000000000002     4.2080596145550189     1.0520149036387547     .11938187103007263     .29633526120099740                         16
.95999999999999996     5.3865222063642353     1.3466305515910588     .12242516050807975     .14742892733521548                         17
1.0200000000000000     6.8890774982831964     1.7222693745707991     .11888399740803661     .28644910945779994                         18
1.0800000000000001     7.5599577146566190     1.8899894286641548     .12332299408663761     .51550358869642643                         19
1.1400000000000001     8.6631455243761835     2.1657863810940459     .12391524430417054     .54914875219429382                         20
1.2000000000000000     10.013632304294525     2.5034080760736312     .12303179155323479     .85088779289391570                         21
1.2600000000000000     9.5516199959156545     2.3879049989789136     .12461922580378970     1.1269830193522417                         22
1.3200000000000001     11.001946407448235     2.7504866018620588     .12386141201132632     1.3352412298158716                         23
1.3800000000000001     8.8534860675679852     2.2133715168919963     .12500314407603788     1.4076979719754625                         24
1.4399999999999999     10.862433835627577     2.7156084589068943     .12581939284491844     1.8202363115262310                         25
1.5000000000000000     12.175164267176894     3.0437910667942236     .12724900225201388     2.2676792874760583                         26
1.5600000000000001     12.776469516696595     3.1941173791741488     .12637040094076091     2.4190727771283300                         27
1.6200000000000001     14.796293965018162     3.6990734912545404     .12561208311880911     2.8046744242040420                         28
1.6799999999999999     14.374325719907787     3.5935814299769469     .12594713380445935     3.0443364973527487                         29
1.7400000000000000     13.464833216326934     3.3662083040817334     .12600563292269856     2.9975993793286611                         30
1.8000000000000000     10.795992233699746     2.6989980584249365     .12714129898435764     2.8013942357042012                         31
1.8600000000000001     9.7103893245714090     2.4275973311428523     .12903754806319956     2.7073896137707432                         32
1.9199999999999999     4.8836548444556298     1.2209137111139075     .12975705051078407     2.0942719366267393                         33
1.9800000000000000     7.2119203546048443     1.8029800886512111     .13027504590226749     2.5382683485056590                         34
2.0400000000000000     5.6496354753269751     1.4124088688317438     .13153460274594089     2.3321987947400666                         35
2.1000000000000001     8.1236184510399845     2.0309046127599961     .13270120400862714     2.7350150192355205                         36
2.1600000000000001     6.9657825120588930     1.7414456280147232     .13721682939579374     2.4537666248743593                         37
2.2200000000000002     5.6638119115352561     1.4159529778838140     .13867744238488192     2.2366557633641850                         38
2.2800000000000002     5.1499892946500117     1.2874973236625029     .13884831541349446     2.1338914614616797                         39
2.3399999999999999     5.8180445876791138     1.4545111469197785     .13887424169062626     2.2167252822333072                         40
2.3999999999999999     5.3913305636739901     1.3478326409184975     .13791290211262411     2.1449884193691782                         41
2.4600000000000000     6.8809095409308592     1.7202273852327148     .13750515705037977     2.1893688861528711                         42
2.5200000000000000     6.8925627444086945     1.7231406861021736     .13812890955725382     2.0370412011840942                         43
2.5800000000000001     7.4479345820727172     1.8619836455181793     .13789574579035319     2.3135596407310213                         44
2.6400000000000001     7.2663879840585404     1.8165969960146351     .13818191871878591     2.2986391859944000                         45
2.7000000000000002     8.2636681661913620     2.0659170415478405     .13838925716636122     2.4480533652686010                         46
2.7600000000000002     7.3309114070492498     1.8327278517623125     .13765845151021014     2.3275244065826697                         47
2.8199999999999998     6.9120774274568202     1.7280193568642050     .13833724630326302     2.3648201523920029                         48
2.8799999999999999     5.5332816794857163     1.3833204198714291     .13709834142171687     1.8548125544375773                         49
2.9399999999999999     5.0575818523302392     1.2643954630825598     .13684698598609743     1.8652742640529074                         50
3.0000000000000000     5.9337629555389286     1.4834407388847322     .13626841803790932     2.0895719427579404                         51
3.0600000000000001     6.9344802292614567     1.7336200573153642     .13661803613014067     2.3442580569212801                         52
3.1200000000000001     6.9720919399726409     1.7430229849931602     .13677187594347404     2.4940406426392174                         53
3.1800000000000002     6.0065917946381173     1.5016479486595293     .13652756017644216     2.2702055995692745                         54
3.2400000000000002     5.5355654329599311     1.3838913582399828     .13675033042274365     2.0847760099523778                         55
3.3000000000000003     6.1383344661037613     1.5345836165259403     .13703295895574946     2.2062035929856942                         56
3.3599999999999999     5.6845359349803077     1.4211339837450769     .13832868503974924     2.0761299899054215                         57
3.4199999999999999     6.3811333488074249     1.5952833372018562     .13726765981738076     2.1587430996807675                         58
3.4800000000000000     6.1047063441744838     1.5261765860436209     .13829008057476272     2.1522329332951866                         59
3.5400000000000000     6.4899573130093513     1.6224893282523378     .13782857265109860     2.0283022444858192                         60
3.6000000000000001     5.7527678744525037     1.4381919686131259     .13719992343060047     1.7830467422375984                         61
3.6600000000000001     5.4553125139795267     1.3638281284948817     .13753755546117563     1.7355988070048527                         62
3.7200000000000002     5.5918661621660579     1.3979665405415145     .13762522054762977     1.9313199556192768                         63
3.7800000000000002     4.0073728994015987     1.0018432248503997     .13733145379480005     1.7086082761017916                         64
3.8399999999999999     3.6214831370446912     .90537078426117279     .13724035298626192     1.6719085488381416                         65
3.8999999999999999     4.4496716096354518     1.1124179024088630     .13794937198844237     1.6902328058424039                         66
3.9600000000000000     4.3292652550087292     1.0823163137521823     .13763925010663988     1.8078815914510886                         67
4.0200000000000005     3.4432328478360028     .86080821195900070     .13747111618294433     1.4756371019481236                         68
4.0800000000000001     2.7159865570178323     .67899663925445808     .13693599842633900     .96904047014906347                         69
4.1399999999999997     3.9861598909893514     .99653997274733785     .13736197557335683     1.1837807571160908                         70
4.2000000000000002     4.5598503380041961     1.1399625845010490     .13792526757023021     1.3459216208766498                         71
4.2599999999999998     3.7128161905155630     .92820404762889075     .13719648825048197     1.4923765831712934                         72
4.3200000000000003     4.2696943540705643     1.0674235885176411     .13768234932010062     1.6609777229308169                         73
4.3799999999999999     3.2141830052824729     .80354575132061823     .13805797321759783     1.4025482470817336                         74
4.4400000000000004     2.4494752158382549     .61236880395956372     .13736203474659520     1.2943468410459413                         75
4.5000000000000000     2.5258351605771838     .63145879014429596     .13643870855551060     1.4212405188306396                         76
4.5600000000000005     1.6728661668398193     .41821654170995481     .13658557712926317     1.2273915502246338                         77
4.6200000000000001     1.3537230985493092     .33843077463732729     .13660623806360295     1.0396039288910544                         78
4.6799999999999997     1.5354085663270491     .38385214158176229     .13529359816981079     1.0824380507314495                         79
4.7400000000000002     1.5176208441937376     .37940521104843439     .13497528855303656     .94626378034929925                         80
4.7999999999999998     1.5859692662225569     .39649231655563921     .13519963737574509     1.0937483049675962                         81
4.8600000000000003     1.6078452969451607     .40196132423629016     .13465434073245638     .71559711625441558                         82
4.9199999999999999     1.5450043908150475     .38625109770376187     .13485360366109356     .86849212144874244                         83
4.9800000000000004     2.7510633866223668     .68776584665559171     .13516319205584013     .96994665543765834                         84
