0.0000000000000000     5.0255254297185319     1.2563813574296330     0.0000000000000000     1.1134421157250749                          1
.59999999999999998E-01 4.5723240853681038     1.1430810213420259     .15651925871579597     1.2423163529924444                          2
.12000000000000000     3.7580033967981472     .93950084919953680     .16709104854804724     1.1909069951178011                          3
.17999999999999999     2.9058583605753272     .72646459014383180     .14527522854646810     .91527908808748593                          4
.23999999999999999     3.6076683929298206     .90191709823245514     .12352997682430869     1.2565782554502234                          5
.29999999999999999     3.7914836865312020     .94787092163280051     .13040362920936938     1.6576701602198642                          6
.35999999999999999     2.9299684702792921     .73249211756982302     .12754167754144285     1.5741893674561211                          7
.41999999999999998     3.5347284455297463     .88368211138243657     .13410640733724699     1.6428234857106347                          8
.47999999999999998     4.4355447197022517     1.1088861799255629     .13933730986776921     1.7919986644932546                          9
.54000000000000004     3.8201219259334827     .95503048148337066     .14496088963889350     1.8297964988904476                         10
.59999999999999998     3.4921746373193905     .87304365932984762     .14744938582522496     1.6972552284059197                         11
.66000000000000003     2.7125334779629653     .67813336949074132     .14221233202135247     1.3860036886973166                         12
.71999999999999997     1.6509432419194949     .41273581047987373     .13926714404428964     1.0520336088926028                         13
.78000000000000003     2.2641559048602735     .56603897621506838     .13665001648792213     .97028764766428166                         14
.83999999999999997     2.5408117806609054     .63520294516522635     .13555754461449848     1.2263899881230536                         15
.90000000000000002     3.3018546963031490     .82546367407578725     .14229287240432975     1.0454497641883396                         16
.95999999999999996     2.4137165101015587     .60342912752538969     .14278235466530814     .91964740493922170                         17
1.0200000000000000     1.9464794925134012     .48661987312835031     .14027008731848203     .76799638725240882                         18
1.0800000000000001     1.2440293481190201     .31100733702975503     .13798052443366848     .69838384235838114                         19
1.1400000000000001     1.2835622429063662     .32089056072659156     .13355066699244392     .44236226432408587                         20
1.2000000000000000     2.0206385008867542     .50515962522168856     .13045241106386074     .44840561249771510                         21
1.2600000000000000     1.9990875933226282     .49977189833065705     .12921012073387320     .17027358342751955                         22
1.3200000000000001     1.3176745465499955     .32941863663749887     .12897035712895985     .16297730119939680E-01                     23
1.3800000000000001     1.0763943057171534     .26909857642928836     .12862385454323627     .18389112703748350                         24
1.4399999999999999     2.4722832813106690     .61807082032766725     .13133743326627595     .51584125568729289                         25
1.5000000000000000     2.4399587694927662     .60998969237319156     .12946682777576984     .47599285515989265                         26
1.5600000000000001     2.0176931350870904     .50442328377177259     .12752618622415088     .22882313623464018                         27
1.6200000000000001     2.0493816345081579     .51234540862703948     .12622236334875481     .38877167178589515E-01                     28
1.6799999999999999     2.7238868173618735     .68097170434046839     .12664935926203225     .63064985066207863E-01                     29
1.7400000000000000     3.0501904663249046     .76254761658122616     .12520269291917666     .23944406771043292                         30
1.8000000000000000     2.9265961187653966     .73164902969134915     .12591770627541915     .43573847531610262E-01                     31
1.8600000000000001     2.6443958061740998     .66109895154352494     .12573930058670904     .28362449573069309                         32
1.9199999999999999     2.3624571904564817     .59061429761412043     .12659407756902483     .25868340032218484                         33
1.9800000000000000     2.1738366850900204     .54345917127250509     .12654429055096747     .13864428087404460                         34
2.0400000000000000     1.5461957924484531     .38654894811211327     .12780215745875073     .43632072323222926                         35
2.1000000000000001     1.9701283583620901     .49253208959052253     .12679840437074777     .63405912492859551                         36
2.1600000000000001     2.4268335194991417     .60670837987478543     .12694029579470731     .77398390373173986                         37
2.2200000000000002     2.8078163697193217     .70195409242983042     .12704760159973036     .71488479287888385                         38
2.2800000000000002     1.9944053156763828     .49860132891909570     .12705759866270600     .24219570084808270                         39
2.3399999999999999     2.3174305635880272     .57935764089700681     .12849201334123858     .35816423067151210                         40
2.3999999999999999     2.5908183557161153     .64770458892902882     .12796182624481542     .69683813198466993                         41
2.4600000000000000     2.5880568228704917     .64701420571762291     .12757118660569047     .69077386729502166                         42
2.5200000000000000     1.6739249474838449     .41848123687096123     .12594540107815261     .76671867506569946                         43
2.5800000000000001     2.2585307548663400     .56463268871658501     .12537035876231312     1.1822268213265483                         44
2.6400000000000001     1.8093929032126519     .45234822580316297     .12425835697750488     .84071092477269982                         45
2.7000000000000002     1.8618262816018203     .46545657040045507     .12390090313033797     .82119576300324271                         46
2.7600000000000002     1.0219176055967925     .25547940139919811     .12319698915942785     .60028168384099412                         47
2.8199999999999998     .77238225510519520     .19309556377629880     .12339666837419899     .42705280143867452                         48
2.8799999999999999     1.7184316366170087     .42960790915425218     .12242852678589919     .40078782755018094                         49
2.9399999999999999     2.2829068349862673     .57072670874656684     .12159639638992131     .52617475982131690                         50
3.0000000000000000     1.6926965761011648     .42317414402529119     .12060594580682453     .29851865343120454                         51
3.0600000000000001     .97039647159227693     .24259911789806923     .12063814312093481     .67330756360225674E-01                     52
3.1200000000000001     .70355708843836862     .17588927210959215     .12039112514784127     .12365719940273948                         53
3.1800000000000002     .71009722479414106     .17752430619853526     .11990928866953425     .41570017877434978                         54
3.2400000000000002     .96208334721497979     .24052083680374495     .11889016802418029     .71902760497337193                         55
3.3000000000000003     .75816727669867212     .18954181917466803     .11826079866670484     .78366191754308379                         56
3.3599999999999999     .96763619610941876     .24190904902735469     .12019946998776194     .71735907639519669                         57
3.4199999999999999     .98340981432416297     .24585245358104074     .12044460462031222     .77833932545253159                         58
3.4800000000000000     1.1896201829140010     .29740504572850024     .12063823820532338     .46477918313551503                         59
3.5400000000000000     .40089547323858643     .10022386830964661     .12015996088407335     .37629988431680583                         60
3.6000000000000001     .56572070978192701     .14143017744548175     .12021315324715656     .26968317869559016                         61
3.6600000000000001     1.1106651382854449     .27766628457136122     .12007295421460176     .44821586763172327E-01                     62
3.7200000000000002     1.9473833313578353     .48684583283945881     .12009966335763476     .15661665254407908                         63
3.7800000000000002     1.4695994831552095     .36739987078880237     .12095313849777334     .32732811267149220                         64
3.8399999999999999     .95360360391558907     .23840090097889727     .12133978345428134     .29001339128932391                         65
3.8999999999999999     .60811562524732365     .15202890631183091     .12126575785269104     .28211629233518826                         66
3.9600000000000000     .62914579258556724     .15728644814639181     .12056227609446790     .48580957940114064E-01                     67
4.0200000000000005     .71410165774272794     .17852541443568198     .12084461151444784     .14751129529023535                         68
4.0800000000000001     .59972676242169964     .14993169060542491     .12021110436857736     .88159125397983068E-01                     69
4.1399999999999997     .19150376191427138     .47875940478567844E-01 .12031026537728520     .34897508252834997E-01                     70
4.2000000000000002     .59240950026150252     .14810237506537563     .12078482011046858     .45090914335556165                         71
4.2599999999999998     1.0106729400605221     .25266823501513053     .12094583182657652     .57571274311358267                         72
4.3200000000000003     1.4146629889705487     .35366574724263716     .12053147867832406     .81776769737836963                         73
4.3799999999999999     2.2449901401050680     .56124753502626701     .12024712022801180     1.2446102094031861                         74
4.4400000000000004     1.9786480144984937     .49466200362462343     .11987721669521952     1.1349541628998996                         75
4.5000000000000000     1.0355318196456083     .25888295491140206     .11954482771875381     .87400957705275106                         76
4.5600000000000005     1.7789453938173994     .44473634845434984     .11919522201083312     1.2570963615466360                         77
4.6200000000000001     1.5037486347180813     .37593715867952032     .11890790583164772     1.1928367760743410                         78
4.6799999999999997     1.9068433500466282     .47671083751165705     .11888783951137405     1.3742925456758834                         79
4.7400000000000002     1.4739480193442696     .36848700483606739     .11967966612333199     1.1099689575436502                         80
4.7999999999999998     1.0256026997250198     .25640067493125496     .11880331935804449     .82510434652169062                         81
4.8600000000000003     .65856974939357116     .16464243734839279     .11958338186142770     .68136867879803820                         82
4.9199999999999999     1.1481751517995100     .28704378794987750     .11991789070022393     1.0011668548670001                         83
4.9800000000000004     .91515801394208063     .22878950348552016     .12041049349462266     .94992697230968948                         84
