0.0000000000000000     2.9154792879330635     0.0000000000000000     .72886982198326589     0.0000000000000000     0.0000000000000000     0.0000000000000000     1.1178362421373564                          1
.59999999999999998E-01 4.0007583456653100     0.0000000000000000     1.0001895864163275     0.0000000000000000     .91668185146945400E-01 0.0000000000000000     1.3028586750599209                          2
.12000000000000000     4.6178801949378796     0.0000000000000000     1.1544700487344699     0.0000000000000000     .12396965779926129     0.0000000000000000     1.4040985462626514                          3
.17999999999999999     4.2443054261006656     0.0000000000000000     1.0610763565251664     0.0000000000000000     .11329810543089808     0.0000000000000000     1.3398804725816964                          4
.23999999999999999     1.9201486692979577     0.0000000000000000     .48003716732448942     0.0000000000000000     .12143485289599794     0.0000000000000000     .76696565388552085                          5
.29999999999999999     2.5413303211936111     0.0000000000000000     .63533258029840278     0.0000000000000000     .12341872513110769     0.0000000000000000     .98118395678030546                          6
.35999999999999999     2.2938076354681227     0.0000000000000000     .57345190886703068     0.0000000000000000     .12082435536660655     0.0000000000000000     .82527355244740286                          7
.41999999999999998     2.1907461383933819     0.0000000000000000     .54768653459834549     0.0000000000000000     .12022368409820439     0.0000000000000000     .89610774770827750                          8
.47999999999999998     2.3703101564875424     0.0000000000000000     .59257753912188560     0.0000000000000000     .11806664519980666     0.0000000000000000     1.0580361106745586                          9
.54000000000000004     .69058744643027814     0.0000000000000000     .17264686160756954     0.0000000000000000     .11421575113358014     0.0000000000000000     .51207368442642842                         10
.59999999999999998     1.2466117422566731     0.0000000000000000     .31165293556416829     0.0000000000000000     .11261391374769268     0.0000000000000000     .77254975537712756                         11
.66000000000000003     1.5507058791126931     0.0000000000000000     .38767646977817327     0.0000000000000000     .10827773928335516     0.0000000000000000     .90772286153447723                         12
.71999999999999997     .62608322926967597     0.0000000000000000     .15652080731741899     0.0000000000000000     .11154687555848532     0.0000000000000000     .59434979809844068                         13
.78000000000000003     .98874191356348429     0.0000000000000000     .24718547839087107     0.0000000000000000     .11243011876300105     0.0000000000000000     .87487550245713197                         14
.83999999999999997     1.2011400551625206     0.0000000000000000     .30028501379063016     0.0000000000000000     .10971678375621666     0.0000000000000000     1.0505441805134925                         15
.90000000000000002     1.3543008787540773     0.0000000000000000     .33857521968851934     0.0000000000000000     .11247705570752582     0.0000000000000000     1.0524543920932761                         16
.95999999999999996     1.1121308250552435     0.0000000000000000     .27803270626381088     0.0000000000000000     .10875264637482954     0.0000000000000000     .85207058480640163                         17
1.0200000000000000     2.1885107335736405     0.0000000000000000     .54712768339341011     0.0000000000000000     .10868893104878373     0.0000000000000000     1.1641438539221827                         18
1.0800000000000001     2.4821234399163461     0.0000000000000000     .62053085997908652     0.0000000000000000     .11139355387583948     0.0000000000000000     1.3865047496487111                         19
1.1400000000000001     3.5028848149278806     0.0000000000000000     .87572120373197015     0.0000000000000000     .11185752363262001     0.0000000000000000     1.5655846353400085                         20
1.2000000000000000     5.0527718069629755     0.0000000000000000     1.2631929517407439     0.0000000000000000     .11135632850339397     0.0000000000000000     2.0420398279492908                         21
1.2600000000000000     4.3364619006337701     0.0000000000000000     1.0841154751584425     0.0000000000000000     .11183854777410952     0.0000000000000000     1.8726584415951011                         22
1.3200000000000001     5.6044555582697884     0.0000000000000000     1.4011138895674471     0.0000000000000000     .11062589218329674     0.0000000000000000     1.9713305335775084                         23
1.3800000000000001     3.8528917024526645     0.0000000000000000     .96322292561316614     0.0000000000000000     .11388948578689298     0.0000000000000000     1.7956958006118737                         24
1.4399999999999999     2.9473163064551482     0.0000000000000000     .73682907661378705     0.0000000000000000     .11642562951841162     0.0000000000000000     1.4777525198494894                         25
1.5000000000000000     3.5262919253566620     0.0000000000000000     .88157298133916551     0.0000000000000000     .11823081343548161     0.0000000000000000     1.7451510761146793                         26
1.5600000000000001     3.8731853898328694     0.0000000000000000     .96829634745821735     0.0000000000000000     .12051430607515977     0.0000000000000000     1.6271661711300445                         27
1.6200000000000001     3.4188143468504868     0.0000000000000000     .85470358671262170     0.0000000000000000     .12225025091531712     0.0000000000000000     1.6453146439933715                         28
1.6799999999999999     5.9450003970981395     0.0000000000000000     1.4862500992745349     0.0000000000000000     .12169961297872428     0.0000000000000000     2.1240722047515477                         29
1.7400000000000000     5.8784565954397845     0.0000000000000000     1.4696141488599461     0.0000000000000000     .12157915711001462     0.0000000000000000     2.1706490363615605                         30
1.8000000000000000     5.2725369028034814     0.0000000000000000     1.3181342257008704     0.0000000000000000     .12073262090639039     0.0000000000000000     2.0840112410049931                         31
1.8600000000000001     5.0335538746570032     0.0000000000000000     1.2583884686642508     0.0000000000000000     .12174331706759282     0.0000000000000000     2.1242014882860993                         32
1.9199999999999999     5.4912641086653426     0.0000000000000000     1.3728160271663357     0.0000000000000000     .12126525666337844     0.0000000000000000     2.1017017392519675                         33
1.9800000000000000     4.6565434683038456     0.0000000000000000     1.1641358670759614     0.0000000000000000     .12058559653767528     0.0000000000000000     1.7832064610176430                         34
2.0400000000000000     4.7037534769830254     0.0000000000000000     1.1759383692457563     0.0000000000000000     .12034667031004405     0.0000000000000000     1.7403403826490011                         35
2.1000000000000001     5.6965349330418844     0.0000000000000000     1.4241337332604711     0.0000000000000000     .12127542670774846     0.0000000000000000     1.8986085286280898                         36
2.1600000000000001     5.1952529658338680     0.0000000000000000     1.2988132414584670     0.0000000000000000     .12045915932564641     0.0000000000000000     2.1085959739857438                         37
2.2200000000000002     7.0515599787679415     0.0000000000000000     1.7628899946919854     0.0000000000000000     .12313296411574008     0.0000000000000000     2.5248836793531111                         38
2.2800000000000002     5.1291411614762827     0.0000000000000000     1.2822852903690707     0.0000000000000000     .12288380336147932     0.0000000000000000     1.9327774938370734                         39
2.3399999999999999     3.2778846379841915     0.0000000000000000     .81947115949604787     0.0000000000000000     .12358624970580355     0.0000000000000000     1.4781402447195655                         40
2.3999999999999999     2.4799474893163440     0.0000000000000000     .61998687232908600     0.0000000000000000     .12443840582198891     0.0000000000000000     1.2548625711072239                         41
2.4600000000000000     2.4447846356111569     0.0000000000000000     .61119615890278922     0.0000000000000000     .12409345817776067     0.0000000000000000     1.1214342973545235                         42
2.5200000000000000     1.3541767423085969     0.0000000000000000     .33854418557714921     0.0000000000000000     .12232346536819465     0.0000000000000000     .43513443119046169                         43
2.5800000000000001     1.2795375380685097     0.0000000000000000     .31988438451712742     0.0000000000000000     .12074031913100353     0.0000000000000000     .61852863025862592                         44
2.6400000000000001     1.6481128676729406     0.0000000000000000     .41202821691823516     0.0000000000000000     .12019835703955324     0.0000000000000000     .75679112975157070                         45
2.7000000000000002     1.2676088509432664     0.0000000000000000     .31690221273581659     0.0000000000000000     .12035476668461706     0.0000000000000000     .50573047627355150                         46
2.7600000000000002     1.2133077687722533     0.0000000000000000     .30332694219306333     0.0000000000000000     .12136753268176191     0.0000000000000000     .44156051841429600                         47
2.8199999999999998     2.1290364673985529     0.0000000000000000     .53225911684963823     0.0000000000000000     .12103110768015937     0.0000000000000000     .47707184362652488                         48
2.8799999999999999     2.5239452385091177     0.0000000000000000     .63098630962727942     0.0000000000000000     .12281421886945043     0.0000000000000000     .67951222783696585                         49
2.9399999999999999     3.0275081439867462     0.0000000000000000     .75687703599668654     0.0000000000000000     .12213810151510870     0.0000000000000000     .82956330032273762                         50
3.0000000000000000     2.6818354473713719     0.0000000000000000     .67045886184284298     0.0000000000000000     .12234654077322366     0.0000000000000000     .53584107659895386                         51
3.0600000000000001     2.2431568649606470     0.0000000000000000     .56078921624016176     0.0000000000000000     .12198971838082583     0.0000000000000000     .28387795624662621                         52
3.1200000000000001     2.0922669045357667     0.0000000000000000     .52306672613394167     0.0000000000000000     .12111374844674840     0.0000000000000000     .15433247242068968                         53
3.1800000000000002     1.3024292579088741     0.0000000000000000     .32560731447721852     0.0000000000000000     .12092000575269143     0.0000000000000000     .14107312563849730                         54
3.2400000000000002     1.4737602446093425     0.0000000000000000     .36844006115233563     0.0000000000000000     .12249939372524470     0.0000000000000000     .20867401924762519                         55
3.3000000000000003     .92417468146421822     0.0000000000000000     .23104367036605455     0.0000000000000000     .12256839295061460     0.0000000000000000     .27273585273895579                         56
3.3599999999999999     .20658136513833797     0.0000000000000000     .51645341284584492E-01 0.0000000000000000     .12172013302664624     0.0000000000000000     .70069155005318254E-01                     57
3.4199999999999999     .20176856798914355     0.0000000000000000     .50442141997285889E-01 0.0000000000000000     .12363408643996490     0.0000000000000000     .80862196313557566E-01                     58
3.4800000000000000     .10559038615516565     0.0000000000000000     .26397596538791413E-01 0.0000000000000000     .12293184314410122     0.0000000000000000     .22309766900974179                         59
3.5400000000000000     .86967798636524585E-02 0.0000000000000000     .21741949659131146E-02 0.0000000000000000     .12257563065979500     0.0000000000000000     .22333290727344496E-01                     60
3.6000000000000001     .20052167911235452     0.0000000000000000     .50130419778088631E-01 0.0000000000000000     .12233067624660358     0.0000000000000000     .27412277219862236                         61
3.6600000000000001     .34415811170957933     0.0000000000000000     .86039527927394832E-01 0.0000000000000000     .12244147595223333     0.0000000000000000     .35374636541733900                         62
3.7200000000000002     .58336272291051205     0.0000000000000000     .14584068072762801     0.0000000000000000     .12326809224526286     0.0000000000000000     .33796998020043789                         63
3.7800000000000002     .56988188674365992     0.0000000000000000     .14247047168591498     0.0000000000000000     .12283984519003673     0.0000000000000000     .22887442196866205E-01                     64
3.8399999999999999     1.0485501528847201     0.0000000000000000     .26213753822118002     0.0000000000000000     .12247496266885327     0.0000000000000000     .31657621123613339                         65
3.8999999999999999     .85275224976452901     0.0000000000000000     .21318806244113225     0.0000000000000000     .12314570969988084     0.0000000000000000     .38134109355819068                         66
3.9600000000000000     .40557247057544354     0.0000000000000000     .10139311764386089     0.0000000000000000     .12385878654973469     0.0000000000000000     .52327996394115828                         67
4.0200000000000005     .51759975187945884     0.0000000000000000     .12939993796986471     0.0000000000000000     .12246436505909229     0.0000000000000000     .49117916323458027                         68
4.0800000000000001     .73535904667480678     0.0000000000000000     .18383976166870170     0.0000000000000000     .12291609325103123     0.0000000000000000     .46998905531443635                         69
4.1399999999999997     1.3069228438791001     0.0000000000000000     .32673071096977502     0.0000000000000000     .12322560933336835     0.0000000000000000     .22349286765264084E-01                     70
4.2000000000000002     .89128271070767806     0.0000000000000000     .22282067767691952     0.0000000000000000     .12336724411410374     0.0000000000000000     .11968567243805768                         71
4.2599999999999998     .60228995613570246     0.0000000000000000     .15057248903392562     0.0000000000000000     .12366774875727440     0.0000000000000000     .20780335107041856                         72
4.3200000000000003     .50398460593303418     0.0000000000000000     .12599615148325854     0.0000000000000000     .12433971103816689     0.0000000000000000     .73930755113232709E-02                     73
4.3799999999999999     .33591778762627561     0.0000000000000000     .83979446906568903E-01 0.0000000000000000     .12398776281655673     0.0000000000000000     .24874543370586841                         74
4.4400000000000004     .32723353104033537     0.0000000000000000     .81808382760083842E-01 0.0000000000000000     .12430148589430107     0.0000000000000000     .18763822578219530                         75
4.5000000000000000     1.1360415753073527     0.0000000000000000     .28401039382683818     0.0000000000000000     .12513643282670947     0.0000000000000000     .74587421291596834                         76
4.5600000000000005     1.7217564892506805     0.0000000000000000     .43043912231267012     0.0000000000000000     .12506662038917779     0.0000000000000000     .83206712061345645                         77
4.6200000000000001     .34279864407600025     0.0000000000000000     .85699661019000062E-01 0.0000000000000000     .12466418327110836     0.0000000000000000     .42079116002055800                         78
4.6799999999999997     .27709063472190631     0.0000000000000000     .69272658680476579E-01 0.0000000000000000     .12551847237605068     0.0000000000000000     .18439404728191833                         79
4.7400000000000002     .22980927165872375     0.0000000000000000     .57452317914680938E-01 0.0000000000000000     .12625028564494217     0.0000000000000000     .85240043089132231E-01                     80
4.7999999999999998     .13532749681472994     0.0000000000000000     .33831874203682485E-01 0.0000000000000000     .12607348587040329     0.0000000000000000     .11544007308738810                         81
4.8600000000000003     .13927863246727878     0.0000000000000000     .34819658116819696E-01 0.0000000000000000     .12594326756753360     0.0000000000000000     .16163509005027837                         82
4.9199999999999999     .97481140594702850E-01 0.0000000000000000     .24370285148675713E-01 0.0000000000000000     .12618953392219368     0.0000000000000000     .15170154965278060                         83
4.9800000000000004     .19556658222309137     0.0000000000000000     .48891645555772842E-01 0.0000000000000000     .12649349320854400     0.0000000000000000     .82080655195207117E-01                     84
