0.0000000000000000     6.0687473148718336     1.5171868287179584     0.0000000000000000     1.9214688442199628                          1
.59999999999999998E-01 6.3947669198433594     1.5986917299608399     .95016566742272560E-01 2.1642099273036304                          2
.12000000000000000     5.8073180756687552     1.4518295189171888     .82655448818801047E-01 2.0814148773107020                          3
.17999999999999999     6.9719094685682022     1.7429773671420505     .11895043960819152     2.0804778870743617                          4
.23999999999999999     6.1984882568283322     1.5496220642070830     .13169262891150918     1.9267556879584711                          5
.29999999999999999     6.5816579226551859     1.6454144806637965     .12296847415939470     1.8498120344028712                          6
.35999999999999999     6.5523077152989639     1.6380769288247410     .11760060827110463     1.8445315176247210                          7
.41999999999999998     6.2750608365841423     1.5687652091460356     .10947123080475775     1.7730418450747227                          8
.47999999999999998     4.7077298581703522     1.1769324645425880     .11491155367762332     1.4595568038138662                          9
.54000000000000004     2.7764854307393048     .69412135768482619     .11936238056891425     1.3015453798438417                         10
.59999999999999998     3.4004298008982419     .85010745022456047     .12265372949044609     1.3258144674524299                         11
.66000000000000003     3.6650425557799209     .91626063894498022     .12310230778116488     1.6627092715900751                         12
.71999999999999997     4.1428568274153434     1.0357142068538359     .12010127549624720     1.7531335363581255                         13
.78000000000000003     2.5621185032270937     .64052962580677342     .11902994206265459     1.3514360740672957                         14
.83999999999999997     1.6447304320497844     .41118260801244610     .11993366977879734     1.0001393486172068                         15
.90000000000000002     3.0550791928060050     .76376979820150126     .11688008872377149     1.3403215367168868                         16
.95999999999999996     2.7334011238358809     .68335028095897021     .11861041616453154     .87945238574267859                         17
1.0200000000000000     2.5035539761472183     .62588849403680458     .12022320226266014     .77031092971109039                         18
1.0800000000000001     3.8488297059992318     .96220742649980795     .11769383370192953     .94131087636243660                         19
1.1400000000000001     3.0875928217873980     .77189820544684951     .11827905953617752     .83119117916069285                         20
1.2000000000000000     2.3823865791117256     .59559664477793139     .11696453580917993     .49912794481958767                         21
1.2600000000000000     2.5112377876689558     .62780944691723894     .11887560592825705     .40576497186194771                         22
1.3200000000000001     1.1601482972683699     .29003707431709247     .11669142110088328     .56925495223740818                         23
1.3800000000000001     1.6620900894057551     .41552252235143877     .12024806827034970     .99328972405932814                         24
1.4399999999999999     1.1553977037117356     .28884942592793389     .11878519608086960     .67084538323773968                         25
1.5000000000000000     1.0937331311646497     .27343328279116241     .12096560875582471     .30997470430146440                         26
1.5600000000000001     1.7638064819961892     .44095162049904729     .12170261268019968     .27957465453634833                         27
1.6200000000000001     1.7537307990784836     .43843269976962090     .11932050605743941     .11865000055968022E-01                     28
1.6799999999999999     1.3685758709217937     .34214396773044842     .11649314601799217     .13083278532272566                         29
1.7400000000000000     .54525943779776043     .13631485944944011     .11556984563370655     .12797529824996343                         30
1.8000000000000000     1.0779093265328357     .26947733163320892     .11780309296681114     .23416834792483528E-01                     31
1.8600000000000001     1.9639441442490000     .49098603606225000     .11814911631922209     .10299209647402754                         32
1.9199999999999999     1.3808193487187148     .34520483717967870     .11790763578182491     .34226683926720725                         33
1.9800000000000000     1.7854096464282749     .44635241160706873     .11615060478070970     .13581309245130008                         34
2.0400000000000000     1.7870612703641962     .44676531759104904     .11650803252652417     .20440178478856072                         35
2.1000000000000001     .82954396931830399     .20738599232957600     .11821426539334252     .20407002170572908                         36
2.1600000000000001     .69228356143047443     .17307089035761861     .11766010731721147     .29737115099069905                         37
2.2200000000000002     .54591956824860111     .13647989206215028     .11678575835856354     .17695796769092476                         38
2.2800000000000002     .26071581351301898     .65178953378254745E-01 .11764877973703107     .25981235559381477                         39
2.3399999999999999     1.0205684788103646     .25514211970259115     .11623049331368310     .52507092953365853                         40
2.3999999999999999     .93776540022831134     .23444135005707784     .11666328377990030     .51014095386378677                         41
2.4600000000000000     .75074409829402344     .18768602457350586     .11563994568020348     .40503816176614826                         42
2.5200000000000000     .55791201364836374     .13947800341209093     .11756564416261507     .62083479958342880                         43
2.5800000000000001     .41537307304869409     .10384326826217352     .11630996653130335     .48255101147395330                         44
2.6400000000000001     .54392444693068864     .13598111173267216     .11607002547004530     .41145145533953420                         45
2.7000000000000002     .84904043962104248     .21226010990526062     .11914465422045280     .31896580512066963                         46
2.7600000000000002     .83995910385926476     .20998977596481619     .11814467803881558     .48565297526622148                         47
2.8199999999999998     .82172698341498585     .20543174585374646     .11699525269946058     .48682876055939028                         48
2.8799999999999999     1.0504202888063465     .26260507220158663     .11580134408385725     .58126165767822080                         49
2.9399999999999999     1.1265262754492356     .28163156886230889     .11460502252325341     .40951089657950168                         50
3.0000000000000000     .77740350314055995     .19435087578513999     .11589169320126248     .22986660431288203                         51
3.0600000000000001     .81113287443683946     .20278321860920986     .11483914510743598     .32249152013866822                         52
3.1200000000000001     .90664998466578683     .22666249616644671     .11466907161724962     .61219101630117478                         53
3.1800000000000002     .60797273566792853     .15199318391698213     .11551268349397394     .71680547835582509                         54
3.2400000000000002     .50586844944624298     .12646711236156075     .11504298162948939     .54165507493271026                         55
3.3000000000000003     .41201935136504958     .10300483784126239     .11500399409094314     .63176961029356005                         56
3.3599999999999999     .30293242274076077     .75733105685190191E-01 .11450985356646332     .45612801011814813                         57
3.4199999999999999     .52517198589052339     .13129299647263085     .11414698013381878     .26677234925047824E-01                     58
3.4800000000000000     .12790063122004111     .31975157805010278E-01 .11469062797952899     .14111602979510349                         59
3.5400000000000000     .18578983697208346     .46447459243020864E-01 .11427706825867935     .12911133751744810                         60
3.6000000000000001     .14017616440699227     .35044041101748066E-01 .11435053925699003     .15580226010124920                         61
3.6600000000000001     .26821227892616395     .67053069731540987E-01 .11587755512712407     .28549855567086252                         62
3.7200000000000002     .83438715913573613     .20859678978393403     .11657175552165937     .80520462324351294                         63
3.7800000000000002     1.0307178946304398     .25767947365760996     .11497677123109894     .65702293998149763                         64
3.8399999999999999     .40334586389493599     .10083646597373400     .11503020272567227     .44556227210113164                         65
3.8999999999999999     .53318878811851489     .13329719702962872     .11471870417459799     .35183750545800285                         66
3.9600000000000000     .59475069268818737     .14868767317204684     .11425456288258350     .18532623805259230                         67
4.0200000000000005     1.1049730151212946     .27624325378032366     .11402968337057079     .99122808294432374E-01                     68
4.0800000000000001     1.2393090156332676     .30982725390831689     .11342434235709299     .15905030967461350                         69
4.1399999999999997     1.1733814046763877     .29334535116909694     .11438301078516723     .41890443247585618E-01                     70
4.2000000000000002     1.2251406359774928     .30628515899437320     .11494823661482055     .34516250657331210                         71
4.2599999999999998     2.1840841689227650     .54602104223069126     .11512303327695393     .44405301764977062E-01                     72
4.3200000000000003     1.8940983926654698     .47352459816636744     .11511697139548548     .12992042122222963                         73
4.3799999999999999     2.1165506091022124     .52913765227555309     .11495366137812940     .41161706042357021                         74
4.4400000000000004     2.2673882277698589     .56684705694246473     .11449757516881939     .62372522609495040                         75
4.5000000000000000     1.5656544490366322     .39141361225915805     .11461537410847296     .38820411179567832                         76
4.5600000000000005     1.1045493964505191     .27613734911262977     .11484438139278896     .30282633138706361                         77
4.6200000000000001     1.6394101510141454     .40985253775353636     .11485927376171698     .45228980792531226                         78
4.6799999999999997     .81119689843123943     .20279922460780986     .11367078491075373     .54916253209236077                         79
4.7400000000000002     1.4250766517985609     .35626916294964023     .11367965248763390     .59733701822089602                         80
4.7999999999999998     2.6301267167650488     .65753167919126221     .11362278326949726     1.0720977887323326                         81
4.8600000000000003     2.7986104340128604     .69965260850321509     .11297693825139599     1.2129452870287158                         82
4.9199999999999999     1.3051743779485867     .32629359448714668     .11267865235739771     .97071117725357936                         83
4.9800000000000004     .95490652758596895     .23872663189649224     .11285472381674336     .68922806860751828                         84
