0.0000000000000000     1.4603358336225929     .36508395840564822     0.0000000000000000     .88508792807012693                          1
.10000000000000001     1.5474614005402678     .38686535013506695     .22808444924044130     .82859336188346899                          2
.20000000000000001     1.3387648748116283     .33469121870290708     .19122483918119842     .61942167272281257                          3
.30000000000000004     2.8416764336303761     .71041910840759404     .16343923002013266     1.1673312668313600                          4
.40000000000000002     2.1923294428403231     .54808236071008076     .18700955117509988     1.1385138879783727                          5
.50000000000000000     1.9914085363864014     .49785213409660034     .16049310059850530     1.1298722285745391                          6
.60000000000000009     1.8141213357829262     .45353033394573156     .14085570427657393     1.1676541982245063                          7
.70000000000000007     1.4520382168843589     .36300955422108971     .14606901849232598     1.1486416765335832                          8
.80000000000000004     1.8188742923074788     .45471857307686969     .13877104141918178     1.1271610016263538                          9
.90000000000000002     3.2296255001342189     .80740637503355472     .13538104082444449     1.4367537380812516                         10
1.0000000000000000     2.3100409975598568     .57751024938996420     .14900550909090815     1.0976389748140551                         11
1.1000000000000001     1.1334204060435009     .28335510151087523     .13810123225535689     .27294490759260870                         12
1.2000000000000002     .86086297015569158     .21521574253892289     .13969157925042119     .33695133766151403                         13
1.3000000000000000     .39297267262974708E-01 .98243168157436771E-02 .15978674169782725     .26373653748101453E-01                     14
1.4000000000000001     .21527230467097227E-01 .53818076167743067E-02 .14943681913026308     .13151005263358378                         15
1.5000000000000000     .25461575745885012     .63653939364712531E-01 .15330294563307550     .11685855899698019E-01                     16
1.6000000000000001     .38429708402907231     .96074271007268078E-01 .14707788712176501     .18694307040541314                         17
1.7000000000000002     .66362584160216465     .16590646040054116     .13867201301704463     .94599103105804772E-01                     18
1.8000000000000000     .95268393657451145     .23817098414362786     .13765013361411985     .14464930628045708                         19
1.9000000000000001     1.9631989504232716     .49079973760581791     .13163457728003908     .10424278634159345                         20
2.0000000000000000     1.4072888797539826     .35182221993849566     .13011392504785080     .30479598131239483                         21
