0.0000000000000000     3.3648540215800158     0.0000000000000000     .84121350539500395     0.0000000000000000     0.0000000000000000     0.0000000000000000     .71363110272028241                          1
.59999999999999998E-01 4.0168618797766253     0.0000000000000000     1.0042154699441563     0.0000000000000000     .50231526072496181E-01 0.0000000000000000     .64534949375812101                          2
.12000000000000000     3.1283981656018809     0.0000000000000000     .78209954140047022     0.0000000000000000     .11397134025738703     0.0000000000000000     .92664693147754384                          3
.17999999999999999     1.8401642759517896     0.0000000000000000     .46004106898794739     0.0000000000000000     .12483976170499769     0.0000000000000000     .68782092926470795                          4
.23999999999999999     2.2059174349753179     0.0000000000000000     .55147935874382947     0.0000000000000000     .11958787375808286     0.0000000000000000     1.0798905717166978                          5
.29999999999999999     2.5249568670554763     0.0000000000000000     .63123921676386907     0.0000000000000000     .12116387365242827     0.0000000000000000     1.2996434824855461                          6
.35999999999999999     1.8558489449530413     0.0000000000000000     .46396223623826033     0.0000000000000000     .11627791631736689     0.0000000000000000     1.1554239194311424                          7
.41999999999999998     1.5396626377115825     0.0000000000000000     .38491565942789563     0.0000000000000000     .13738478192669051     0.0000000000000000     1.0845340189174393                          8
.47999999999999998     1.4283937426377080     0.0000000000000000     .35709843565942700     0.0000000000000000     .12491789379805317     0.0000000000000000     1.0296500660587125                          9
.54000000000000004     2.2664966982078316     0.0000000000000000     .56662417455195790     0.0000000000000000     .13100040552539194     0.0000000000000000     1.1262081373043484                         10
.59999999999999998     2.3384992170905035     0.0000000000000000     .58462480427262586     0.0000000000000000     .12878183011227137     0.0000000000000000     1.1110714320902468                         11
.66000000000000003     2.1257550243709593     0.0000000000000000     .53143875609273983     0.0000000000000000     .12338796472506587     0.0000000000000000     1.0036164040061528                         12
.71999999999999997     2.0463229432011021     0.0000000000000000     .51158073580027552     0.0000000000000000     .12471756088647341     0.0000000000000000     .98423029829401076                         13
.78000000000000003     1.6626963668524593     0.0000000000000000     .41567409171311481     0.0000000000000000     .12113473077652187     0.0000000000000000     .85970451534928005                         14
.83999999999999997     2.0980406746576534     0.0000000000000000     .52451016866441336     0.0000000000000000     .12529404079103423     0.0000000000000000     .85801623445524799                         15
.90000000000000002     1.5436826392281398     0.0000000000000000     .38592065980703494     0.0000000000000000     .12275634211965768     0.0000000000000000     .70183440854856705                         16
.95999999999999996     2.0023909601410392     0.0000000000000000     .50059774003525981     0.0000000000000000     .12011178644716711     0.0000000000000000     .96209228897918553                         17
1.0200000000000000     2.5715819652642060     0.0000000000000000     .64289549131605150     0.0000000000000000     .11794768274873738     0.0000000000000000     1.3056712026663633                         18
1.0800000000000001     1.7856874813214902     0.0000000000000000     .44642187033037256     0.0000000000000000     .11688459539333100     0.0000000000000000     1.1837312381970975                         19
1.1400000000000001     2.2583050641247189     0.0000000000000000     .56457626603117972     0.0000000000000000     .11562152864157893     0.0000000000000000     1.2587346925589780                         20
1.2000000000000000     2.4636126041620989     0.0000000000000000     .61590315104052473     0.0000000000000000     .11518556182055970     0.0000000000000000     1.2838268545177729                         21
1.2600000000000000     2.0886917955928466     0.0000000000000000     .52217294889821164     0.0000000000000000     .11725210095761036     0.0000000000000000     .86952298008498974                         22
1.3200000000000001     1.6351699681584413     0.0000000000000000     .40879249203961032     0.0000000000000000     .11493598850431545     0.0000000000000000     .45241455748937121                         23
1.3800000000000001     2.6459074599357129     0.0000000000000000     .66147686498392821     0.0000000000000000     .11640790918401994     0.0000000000000000     .71886289817872795                         24
1.4399999999999999     2.0623509677981695     0.0000000000000000     .51558774194954238     0.0000000000000000     .11991268090722754     0.0000000000000000     .77317532344678663                         25
1.5000000000000000     1.9844458865286627     0.0000000000000000     .49611147163216568     0.0000000000000000     .11987563947963586     0.0000000000000000     .51565881562360072                         26
1.5600000000000001     1.6690793317838977     0.0000000000000000     .41726983294597442     0.0000000000000000     .12024967769784731     0.0000000000000000     .56254128838196205                         27
1.6200000000000001     1.9447748794700288     0.0000000000000000     .48619371986750720     0.0000000000000000     .12075175455656258     0.0000000000000000     .41902825355010742                         28
1.6799999999999999     2.7971826054769728     0.0000000000000000     .69929565136924321     0.0000000000000000     .11759115242302458     0.0000000000000000     .58858419438650400                         29
1.7400000000000000     1.2833314296634446     0.0000000000000000     .32083285741586115     0.0000000000000000     .11642074469115421     0.0000000000000000     .64516680953767114                         30
1.8000000000000000     1.2175034389872947     0.0000000000000000     .30437585974682368     0.0000000000000000     .11541999478676900     0.0000000000000000     .47745557104710123                         31
1.8600000000000001     1.5852535666293142     0.0000000000000000     .39631339165732854     0.0000000000000000     .11550296441055884     0.0000000000000000     .75574464608632486                         32
1.9199999999999999     .90076712753568478     0.0000000000000000     .22519178188392119     0.0000000000000000     .11402371651998773     0.0000000000000000     .50877668459377645                         33
1.9800000000000000     .70305508028651242     0.0000000000000000     .17576377007162811     0.0000000000000000     .11330664459421069     0.0000000000000000     .45862477166983995                         34
2.0400000000000000     1.1006508046157235     0.0000000000000000     .27516270115393088     0.0000000000000000     .11681217443290366     0.0000000000000000     .73834388066708601                         35
2.1000000000000001     1.1064447696057897     0.0000000000000000     .27661119240144744     0.0000000000000000     .11830873033368169     0.0000000000000000     .44099790589296406                         36
2.1600000000000001     1.2253428960977832     0.0000000000000000     .30633572402444581     0.0000000000000000     .11741683999193878     0.0000000000000000     .50512152819998035                         37
2.2200000000000002     1.4263814740148379     0.0000000000000000     .35659536850370949     0.0000000000000000     .11839694506173902     0.0000000000000000     .45524918297985340                         38
2.2800000000000002     2.3556445651897127     0.0000000000000000     .58891114129742816     0.0000000000000000     .12005894218502620     0.0000000000000000     .56508262446477242                         39
2.3399999999999999     1.6004978613131766     0.0000000000000000     .40012446532829415     0.0000000000000000     .12039977089601031     0.0000000000000000     .61291657933351407                         40
2.3999999999999999     1.1328480353347916     0.0000000000000000     .28321200883369790     0.0000000000000000     .12133458704320527     0.0000000000000000     .41416300827205099                         41
2.4600000000000000     1.7761907823836833     0.0000000000000000     .44404769559592083     0.0000000000000000     .12205858548859409     0.0000000000000000     .48969079425724604                         42
2.5200000000000000     1.5119012592547203     0.0000000000000000     .37797531481368007     0.0000000000000000     .12185460166617638     0.0000000000000000     .81562022126780087                         43
2.5800000000000001     2.3845745535856238     0.0000000000000000     .59614363839640594     0.0000000000000000     .12156375032787448     0.0000000000000000     1.0365238087549895                         44
2.6400000000000001     1.3674104371854958     0.0000000000000000     .34185260929637395     0.0000000000000000     .12263342025047025     0.0000000000000000     .51874409883438632                         45
2.7000000000000002     1.8899435383059267     0.0000000000000000     .47248588457648166     0.0000000000000000     .12341606771435222     0.0000000000000000     .30502000858108785                         46
2.7600000000000002     2.1582551363300091     0.0000000000000000     .53956378408250227     0.0000000000000000     .12378023081493202     0.0000000000000000     .34300928237890210                         47
2.8199999999999998     1.3112164040130276     0.0000000000000000     .32780410100325691     0.0000000000000000     .12472709379014117     0.0000000000000000     .34594564516592813                         48
2.8799999999999999     1.4141058025084883     0.0000000000000000     .35352645062712207     0.0000000000000000     .12418532358790978     0.0000000000000000     .41103109729445461E-01                     49
2.9399999999999999     1.0225869658707389     0.0000000000000000     .25564674146768473     0.0000000000000000     .12403697595299863     0.0000000000000000     .45749927424865577                         50
3.0000000000000000     1.5345658398653594     0.0000000000000000     .38364145996633986     0.0000000000000000     .12419073514532086     0.0000000000000000     .21584480908672268                         51
3.0600000000000001     1.1744062856837374     0.0000000000000000     .29360157142093435     0.0000000000000000     .12445769093462516     0.0000000000000000     .17719095850399637E-01                     52
3.1200000000000001     .83910056392364685     0.0000000000000000     .20977514098091171     0.0000000000000000     .12465279878429812     0.0000000000000000     .13913417237569137                         53
3.1800000000000002     1.0115712392773204     0.0000000000000000     .25289280981933010     0.0000000000000000     .12542177247703901     0.0000000000000000     .38336495119568526                         54
3.2400000000000002     .80772775698918453     0.0000000000000000     .20193193924729613     0.0000000000000000     .12458914450622970     0.0000000000000000     .27663206681433961                         55
3.3000000000000003     1.0210476741093295     0.0000000000000000     .25526191852733238     0.0000000000000000     .12510113877431364     0.0000000000000000     .49672838438534817                         56
3.3599999999999999     1.0739141259500262     0.0000000000000000     .26847853148750656     0.0000000000000000     .12521685730903739     0.0000000000000000     .97099725898333350E-01                     57
3.4199999999999999     1.2172322015125050     0.0000000000000000     .30430805037812625     0.0000000000000000     .12522109587956182     0.0000000000000000     .57564073048707205E-01                     58
3.4800000000000000     1.3727709221739366     0.0000000000000000     .34319273054348415     0.0000000000000000     .12488005414532456     0.0000000000000000     .16961343259277739                         59
3.5400000000000000     1.1305182909955693     0.0000000000000000     .28262957274889233     0.0000000000000000     .12527680760421239     0.0000000000000000     .54357894528759021                         60
3.6000000000000001     .95750184531153115     0.0000000000000000     .23937546132788279     0.0000000000000000     .12540611420715353     0.0000000000000000     .62438963763861532                         61
3.6600000000000001     1.0184871913281826     0.0000000000000000     .25462179783204564     0.0000000000000000     .12580154083326059     0.0000000000000000     .24622664412621670                         62
3.7200000000000002     1.7697584065230523     0.0000000000000000     .44243960163076307     0.0000000000000000     .12617751166278388     0.0000000000000000     .14891505906089755                         63
3.7800000000000002     1.9379712012804393     0.0000000000000000     .48449280032010983     0.0000000000000000     .12631603610142100     0.0000000000000000     .13882513902136023                         64
3.8399999999999999     1.3942779425873815     0.0000000000000000     .34856948564684537     0.0000000000000000     .12635126416294248     0.0000000000000000     .28124950182197306                         65
3.8999999999999999     1.1444544412042623     0.0000000000000000     .28611361030106558     0.0000000000000000     .12737544646355467     0.0000000000000000     .11281081751339143                         66
3.9600000000000000     .90765564170220792     0.0000000000000000     .22691391042555198     0.0000000000000000     .12695975426619197     0.0000000000000000     .68890160210720391E-01                     67
4.0200000000000005     1.8679445170997446     0.0000000000000000     .46698612927493616     0.0000000000000000     .12649770965096563     0.0000000000000000     .21466863584150991                         68
4.0800000000000001     1.2937050291151697     0.0000000000000000     .32342625727879243     0.0000000000000000     .12627389667510938     0.0000000000000000     .54054743520116755                         69
4.1399999999999997     2.1836312961826678     0.0000000000000000     .54590782404566696     0.0000000000000000     .12645333291301730     0.0000000000000000     .66481284709239641                         70
4.2000000000000002     2.5333673648328512     0.0000000000000000     .63334184120821280     0.0000000000000000     .12641815217080565     0.0000000000000000     .86851346522548667                         71
4.2599999999999998     3.6414292265643375     0.0000000000000000     .91035730664108439     0.0000000000000000     .12588244596552503     0.0000000000000000     .90655132792795756                         72
4.3200000000000003     3.2748691784833603     0.0000000000000000     .81871729462084009     0.0000000000000000     .12594859171368350     0.0000000000000000     .87903477360438520                         73
4.3799999999999999     4.0895225778151749     0.0000000000000000     1.0223806444537937     0.0000000000000000     .12644610503235618     0.0000000000000000     .85037301548815214                         74
4.4400000000000004     4.7162337681770978     0.0000000000000000     1.1790584420442745     0.0000000000000000     .12673473077379119     0.0000000000000000     1.1976812666025944                         75
4.5000000000000000     2.9018964814438188     0.0000000000000000     .72547412036095471     0.0000000000000000     .12750107980613246     0.0000000000000000     .96943515155714510                         76
4.5600000000000005     3.7293437132022000     0.0000000000000000     .93233592830055001     0.0000000000000000     .12737373903710422     0.0000000000000000     1.2853416764371817                         77
4.6200000000000001     2.7410702108371949     0.0000000000000000     .68526755270929873     0.0000000000000000     .12654616547414813     0.0000000000000000     1.1339033162716958                         78
4.6799999999999997     2.5259621098228937     0.0000000000000000     .63149052745572343     0.0000000000000000     .12587479074962987     0.0000000000000000     1.0069070801789788                         79
4.7400000000000002     2.0018973564189801     0.0000000000000000     .50047433910474504     0.0000000000000000     .12549948935218108     0.0000000000000000     .66858521946936733                         80
4.7999999999999998     1.3827326817174046     0.0000000000000000     .34568317042935115     0.0000000000000000     .12452538141555416     0.0000000000000000     .56462595221634049                         81
4.8600000000000003     1.3910653663950761     0.0000000000000000     .34776634159876901     0.0000000000000000     .12430726223045176     0.0000000000000000     .35417063262769732                         82
4.9199999999999999     1.7306070543205814     0.0000000000000000     .43265176358014534     0.0000000000000000     .12402467341133065     0.0000000000000000     .30459215718417681                         83
4.9800000000000004     2.1942090199086945     0.0000000000000000     .54855225497717364     0.0000000000000000     .12460555036321082     0.0000000000000000     .88441333285258106E-01                     84
