0.0000000000000000     8.3687505127626984     2.0921876281906746     0.0000000000000000     .63911219896168114                          1
.59999999999999998E-01 6.5779404819429219     1.6444851204857305     .17077891680786236     .25082938927361831                          2
.12000000000000000     7.0353310117741286     1.7588327529435321     .12577984432991363     .22931927947955122                          3
.17999999999999999     6.7675535998946144     1.6918883999736536     .14161807168372370     .47222221879224008                          4
.23999999999999999     7.1335342350661657     1.7833835587665414     .13439810316844239     .78591834904242253                          5
.29999999999999999     4.8740200557831308     1.2185050139457827     .15151082004676439     .82791917026039841                          6
.35999999999999999     5.2634502993575181     1.3158625748393795     .14862927932170106     1.0609690311967332                          7
.41999999999999998     5.2200171927521772     1.3050042981880443     .13953617984593161     .96344458214822559                          8
.47999999999999998     7.2857509957581748     1.8214377489395437     .14209046833294950     .67177124476462002                          9
.54000000000000004     8.3284900584188257     2.0821225146047064     .13770737144043785     1.0910220664386676                         10
.59999999999999998     8.6394669437550498     2.1598667359387624     .13573601357482193     .99316473029356711                         11
.66000000000000003     10.467565296765605     2.6168913241914011     .13447212774024170     .93749306965159995                         12
.71999999999999997     9.5229987721307996     2.3807496930326999     .13845396994537199     1.1088809779164175                         13
.78000000000000003     8.4688817901505651     2.1172204475376413     .13331820646054016     .77205279056181375                         14
.83999999999999997     8.2038985757921221     2.0509746439480305     .13260126862289051     .43432454224565553                         15
.90000000000000002     7.4970592559075095     1.8742648139768774     .13251547703696709     1.0501817819927315                         16
.95999999999999996     7.4020145065997589     1.8505036266499397     .12865658874850863     1.2740572987127430                         17
1.0200000000000000     6.3731487442406172     1.5932871860601543     .12934414286430113     1.2395768032156438                         18
1.0800000000000001     5.6066074040487255     1.4016518510121814     .13074327479677436     1.5875740164994268                         19
1.1400000000000001     4.6935569399042514     1.1733892349760628     .13134184947197247     1.3482292311057984                         20
1.2000000000000000     4.4877350775724798     1.1219337693931200     .13164120170181581     .97175064070920181                         21
1.2600000000000000     5.0520611765908585     1.2630152941477146     .12905081830954410     1.3320556215517572                         22
1.3200000000000001     4.6753080494281400     1.1688270123570350     .12710821460814056     1.5036850903528618                         23
1.3800000000000001     4.5726870868767842     1.1431717717191960     .12484408248924744     1.7216108725272852                         24
1.4399999999999999     4.5272611625878865     1.1318152906469716     .12464429519635961     1.8730472431701579                         25
1.5000000000000000     6.7497157865328976     1.6874289466332244     .12978358927020875     2.1251732164517807                         26
1.5600000000000001     6.7229976266569578     1.6807494066642394     .12788440275032711     1.9991091866373589                         27
1.6200000000000001     7.8281209145856607     1.9570302286464152     .12560131907735098     2.4490379390903603                         28
1.6799999999999999     8.6144724357870519     2.1536181089467630     .12523749756995298     2.5028121787520110                         29
1.7400000000000000     8.6538592091792967     2.1634648022948242     .12515872455401586     2.6248248270679664                         30
1.8000000000000000     9.8793424383663275     2.4698356095915819     .12385713675194905     2.7955094279425796                         31
1.8600000000000001     8.8519726203707023     2.2129931550926756     .12310157382992951     2.6260112296409446                         32
1.9199999999999999     11.375313244083346     2.8438283110208364     .12203962068211639     2.9163223601985515                         33
1.9800000000000000     13.204388448221620     3.3010971120554049     .12239705674742619     3.3032570472982519                         34
2.0400000000000000     12.362572207912804     3.0906430519782009     .12300896155009670     3.2524041242616213                         35
2.1000000000000001     11.681792900226126     2.9204482250565316     .12374271265523505     3.2272566416644599                         36
2.1600000000000001     9.6187215945108413     2.4046803986277103     .12326234393312155     2.9344423329726648                         37
2.2200000000000002     9.2945189503101844     2.3236297375775461     .12461724000605347     2.8377787190163928                         38
2.2800000000000002     8.5748387090487412     2.1437096772621853     .12340422600872786     2.8726193478773792                         39
2.3399999999999999     7.3049511546395669     1.8262377886598917     .12450347695132813     2.6166459274896474                         40
2.3999999999999999     6.7867390481902694     1.6966847620475674     .12366551069729750     2.5038876909190684                         41
2.4600000000000000     7.0560906562392693     1.7640226640598173     .12311899056951581     2.5036403875544897                         42
2.5200000000000000     4.6678515742328077     1.1669628935582019     .12283713971595807     1.8747025310711845                         43
2.5800000000000001     4.5160811956073630     1.1290202989018407     .12306741679542768     1.8568488479403134                         44
2.6400000000000001     5.4979026391880970     1.3744756597970242     .12283850158127767     1.9663188604444659                         45
2.7000000000000002     4.8669939219891551     1.2167484804972888     .12407242522053956     2.0507187617495610                         46
2.7600000000000002     2.3338998959751471     .58347497399378678     .12406506291992141     1.4312715096248432                         47
2.8199999999999998     2.7728029975824438     .69320074939561094     .12422451503578358     1.6408261805406656                         48
2.8799999999999999     2.2631892766773047     .56579731916932618     .12415425977889692     1.4563376904227106                         49
2.9399999999999999     2.5134248804760655     .62835622011901637     .12518397995068617     1.5589765712207484                         50
3.0000000000000000     3.4338523239445844     .85846308098614610     .12493567843909796     1.7604342553601495                         51
3.0600000000000001     3.5582124809646101     .88955312024115252     .12573592403294787     1.7120190087022631                         52
3.1200000000000001     3.9432594258238409     .98581485645596023     .12611935215764750     1.8113726449258789                         53
3.1800000000000002     2.2426935038118438     .56067337595296096     .12597583415606564     1.2597635449665705                         54
3.2400000000000002     1.5799780639360961     .39499451598402402     .12574821800934388     1.0672069154478627                         55
3.3000000000000003     1.3835279903630615     .34588199759076538     .12451331502916844     .86212340751892080                         56
3.3599999999999999     1.2462934757351551     .31157336893378879     .12444460212800472     .89518217888257812                         57
3.4199999999999999     1.5522448355058756     .38806120887646889     .12391904776296242     .75675795126054757                         58
3.4800000000000000     1.3492527933484848     .33731319833712120     .12346405477928997     .73916600266707633                         59
3.5400000000000000     2.0745344544367645     .51863361360919114     .12443304217845351     .71254090093466194                         60
3.6000000000000001     2.2101607087269599     .55254017718173998     .12615219315568194     .84863472397999085                         61
3.6600000000000001     2.3527817570014804     .58819543925037010     .12706059274688003     .66956420439025788                         62
3.7200000000000002     2.2730668692073985     .56826671730184963     .12699959150301091     .86322022540379628                         63
3.7800000000000002     1.7418537801699610     .43546344504249024     .12692044163537547     .27998710305542163                         64
3.8399999999999999     2.0211642916558801     .50529107291397002     .12624759206370520     .72681573497999613E-01                     65
3.8999999999999999     1.2792500375648639     .31981250939121597     .12724955279873137     .18197259899503129                         66
3.9600000000000000     1.0877221674083095     .27193054185207738     .12774130134348086     .38298820827944779                         67
4.0200000000000005     .21454911580240774     .53637278950601934E-01 .12704079520918929     .21410242929252293                         68
4.0800000000000001     .21977945717165454     .54944864292913634E-01 .12657248026429543     .94591914407791716E-01                     69
4.1399999999999997     .30798321309819643     .76995803274549107E-01 .12745003502770449     .58884528814598047E-01                     70
4.2000000000000002     .60438613467845603     .15109653366961401     .12701503263439831     .29390500018567173                         71
4.2599999999999998     .50852733591873189     .12713183397968297     .12797974726913028     .30901195217752836                         72
4.3200000000000003     .25446607336326060     .63616518340815151E-01 .12757943551655859     .47752126636386658E-01                     73
4.3799999999999999     .16627914704089525     .41569786760223812E-01 .12721535752360044     .37439146074900377E-01                     74
4.4400000000000004     .72238185090981816E-01 .18059546272745454E-01 .12710132609857031     .26315245185400349                         75
4.5000000000000000     .22496876982499459E-01 .56242192456248648E-02 .12734633813687485     .14835692189153957                         76
4.5600000000000005     .48316217330453361E-01 .12079054332613340E-01 .12768140089555513     .51229273819391741E-02                     77
4.6200000000000001     .17287346574772494     .43218366436931235E-01 .12774991023407781     .71904900823192480E-01                     78
4.6799999999999997     .31565150898122230     .78912877245305574E-01 .12697503593864023     .22521977960807449                         79
4.7400000000000002     .37007034385702464     .92517585964256160E-01 .12718169691363526     .74827447559188992E-01                     80
4.7999999999999998     .68247694852499652     .17061923713124913     .12811684591538774     .23935292536610336                         81
4.8600000000000003     .95562771765800736     .23890692941450184     .12765552122225693     .71007950846655399                         82
4.9199999999999999     .66349560893907211     .16587390223476803     .12711684963976883     .60426576480963401                         83
4.9800000000000004     1.0187584263804725     .25468960659511813     .12685483082593738     .68761510337945297                         84
