0.0000000000000000     4.5764524946718055     1.1441131236679514     0.0000000000000000     .95090104947560761                          1
.59999999999999998E-01 2.9445920424624950     .73614801061562374     .14605136121688453     .96835915223505165                          2
.12000000000000000     3.3817784096724499     .84544460241811248     .12880095726401636     .83048760845756864                          3
.17999999999999999     4.2252395465399548     1.0563098866349887     .16852743610746093     1.0575524425937604                          4
.23999999999999999     3.6334974966435025     .90837437416087563     .15029327322104530     1.0743417406560851                          5
.29999999999999999     2.7966662080446909     .69916655201117273     .14818547822285399     1.0160338723349676                          6
.35999999999999999     2.1446432569023202     .53616081422558004     .13728608454618596     .83424365906677744                          7
.41999999999999998     2.7220123606599640     .68050309016499100     .13783512882691010     .97091551616352167                          8
.47999999999999998     2.2526593518692790     .56316483796731975     .13567334359954838     .91690446380988955                          9
.54000000000000004     1.9647755185737683     .49119387964344208     .13386673356051967     1.1489029248255764                         10
.59999999999999998     1.2276876995720531     .30692192489301329     .13385099398691433     .48150676702276635                         11
.66000000000000003     1.9822429410344140     .49556073525860350     .13352220814736340     .83146718686034271                         12
.71999999999999997     1.5614345292265626     .39035863230664064     .13642348767715251     .70506276097506027                         13
.78000000000000003     1.3452451444967553     .33631128612418881     .14227117743887963     .77097695048057957                         14
.83999999999999997     2.2923091645753138     .57307729114382844     .14289692287332914     1.0296834239971946                         15
.90000000000000002     1.4336864248795995     .35842160621989988     .14307427826144198     .89081794811907244                         16
.95999999999999996     .76535869200710360     .19133967300177590     .13943354929897533     .49788841277221108                         17
1.0200000000000000     .88720321473519248     .22180080368379812     .13774807095978320     .51724106498593492                         18
1.0800000000000001     .50461522749235266     .12615380687308816     .13527722171912598     .67890198691227455                         19
1.1400000000000001     .68395046663949544     .17098761665987386     .13497200001516652     .61131129274440621                         20
1.2000000000000000     .46873985300248489     .11718496325062122     .13361355279614115     .41716683570796387                         21
1.2600000000000000     .62848587370323705     .15712146842580926     .13655911898977191     .56173806643602331                         22
1.3200000000000001     .45262607112251951     .11315651778062988     .13725363539531529     .52330677918782975                         23
1.3800000000000001     .82992106450214126E-01 .20748026612553531E-01 .13556569878041286     .20440863362475870                         24
1.4399999999999999     .36257938598313327     .90644846495783318E-01 .13525230989832948     .17242860632892526                         25
1.5000000000000000     .97836528160179670     .24459132040044917     .13508405812461627     .40737620688018727                         26
1.5600000000000001     1.4674014894166816     .36685037235417040     .13513423676742251     .47717552301920307                         27
1.6200000000000001     2.8871359785356074     .72178399463390186     .13631828685815520     .56673500097925533                         28
1.6799999999999999     3.2938263784762776     .82345659461906939     .13698395740773275     .69686809829128693                         29
1.7400000000000000     4.7023011391972691     1.1755752847993173     .13574538839345485     1.2856802249140737                         30
1.8000000000000000     5.6237061172937501     1.4059265293234375     .13661128459979333     1.4941487318749509                         31
1.8600000000000001     3.4508354378419761     .86270885946049403     .13624564104074310     1.4818080711853321                         32
1.9199999999999999     2.7510187163400075     .68775467908500187     .13511972942736511     1.2735138937445054                         33
1.9800000000000000     3.6235643366372616     .90589108415931541     .13628261223911653     1.5670183128870530                         34
2.0400000000000000     2.2623817920375102     .56559544800937755     .13511444398157085     1.1110135622384352                         35
2.1000000000000001     2.1784401942184268     .54461004855460671     .13408126340120358     1.1558301916521525                         36
2.1600000000000001     1.7958856308877840     .44897140772194599     .13300656331127153     .95672965191639026                         37
2.2200000000000002     2.2641629231744185     .56604073079360462     .13179833078153078     1.0050564890543305                         38
2.2800000000000002     3.7909047499006299     .94772618747515747     .13367240328477714     1.1809713544022586                         39
2.3399999999999999     3.6048664195011439     .90121660487528599     .13309639719388616     .86692505823866961                         40
2.3999999999999999     2.6093892953070981     .65234732382677452     .13256345754512616     .94255510420404587                         41
2.4600000000000000     1.5893307312209606     .39733268280524014     .13278460054722596     .75819366312115766                         42
2.5200000000000000     .53729241116494353     .13432310279123588     .13136001935556366     .28260594719658594                         43
2.5800000000000001     .58620264969827718     .14655066242456929     .12991352830752853     .60351592751364846                         44
2.6400000000000001     1.2689855414662308     .31724638536655769     .12873354660988198     1.0088579903122941                         45
2.7000000000000002     1.1293050529249633     .28232626323124083     .12766202085938766     .86529801326191524                         46
2.7600000000000002     1.5628987139500257     .39072467848750642     .12806767188278387     .95309301543722547                         47
2.8199999999999998     1.6955801110060840     .42389502775152099     .12790987846078986     .96345264113477658                         48
2.8799999999999999     .58350924916022773     .14587731229005693     .12947067562783907     .41282053307788946                         49
2.9399999999999999     1.0838524346860892     .27096310867152229     .13028173894640072     .46046598580594456                         50
3.0000000000000000     .94367448335526172     .23591862083881543     .12947256729424519     .45808062847025660                         51
3.0600000000000001     .71849613069818852     .17962403267454713     .12885828461681484     .19138851042932303                         52
3.1200000000000001     .20096548490859262     .50241371227148154E-01 .12885485315998688     .28314837559045786                         53
3.1800000000000002     .37553713849187720     .93884284622969300E-01 .13100629226783064     .51342308072634360E-01                     54
3.2400000000000002     .19361130981133839     .48402827452834599E-01 .13009383376121092     .12985530076196433                         55
3.3000000000000003     .67073338728187770     .16768334682046943     .12871581742966917     .16203204033837537                         56
3.3599999999999999     .51845215529120126     .12961303882280031     .12863362474153775     .10997999870699079                         57
3.4199999999999999     .67983675570624003     .16995918892656001     .12878271263858074     .64123294202213466                         58
3.4800000000000000     1.4017109446603799     .35042773616509498     .12809737622805226     .87961661237213884                         59
3.5400000000000000     2.2270565037443699     .55676412593609248     .12921907752338935     1.0985662330429826                         60
3.6000000000000001     2.5081068531934321     .62702671329835802     .12912147458770595     1.1642516407734274                         61
3.6600000000000001     1.6985002075147793     .42462505187869481     .12816997976094949     1.1409188694757368                         62
3.7200000000000002     1.5401119131934824     .38502797829837060     .12776916801758451     .83075676855742675                         63
3.7800000000000002     1.1640614776461451     .29101536941153627     .12703453946845805     .83592732973121531                         64
3.8399999999999999     .69046516282997472     .17261629070749368     .12663796547736320     .64137621802091838                         65
3.8999999999999999     .94109042096264517     .23527260524066129     .12792102481088138     .94825932306963945                         66
3.9600000000000000     1.3328852692249982     .33322131730624954     .12818909282508176     1.1317356124466298                         67
4.0200000000000005     .60240761690453859     .15060190422613465     .12857997779762209     .74264670405459643                         68
4.0800000000000001     .86707740095978947     .21676935023994737     .12904077276173087     .92266839278177670                         69
4.1399999999999997     .80724936227510524     .20181234056877631     .12886759650451696     .89493112155040910                         70
4.2000000000000002     .80916701600124330     .20229175400031082     .12867483765062654     .82522932265653637                         71
4.2599999999999998     .73365265972186799     .18341316493046700     .12916446728393632     .79299612610886971                         72
4.3200000000000003     .84302111067202834     .21075527766800708     .12874446724814714     .75081969935580573                         73
4.3799999999999999     .61758282522908481     .15439570630727120     .12852874175129558     .41074446485601385                         74
4.4400000000000004     .98945104446080323     .24736276111520081     .12807297554587554     .28055212254665324                         75
4.5000000000000000     1.3243488136015287     .33108720340038217     .12730335401308146     .44139024307947561                         76
4.5600000000000005     1.7042971707044661     .42607429267611652     .12683550413080064     .22347422731960370                         77
4.6200000000000001     1.6400888080839657     .41002220202099143     .12684348536555581     .15709170911843792                         78
4.6799999999999997     .81348938370247348     .20337234592561837     .12669968394867157     .27492183108299717                         79
4.7400000000000002     .76393327344497819     .19098331836124455     .12616805582434024     .13166373088699801                         80
4.7999999999999998     .47478383351859355     .11869595837964839     .12668421878281369     .21416480595710133                         81
4.8600000000000003     .71249628955412869     .17812407238853217     .12722472234659776     .15085935464087757                         82
4.9199999999999999     .77710290889716782     .19427572722429196     .12669860835602173     .20664514567754194                         83
4.9800000000000004     1.5489197588881483     .38722993972203706     .12636447522245717     .70092521992409296                         84
