0.0000000000000000     3.3559352894527792     .83898382236319480     0.0000000000000000     .84866071022636724                          1
1.0000000000000000     2.8290451722400611     .70726129306001528     .87620264318363037E-02 1.3526326935434099                          2
2.0000000000000000     1.6886676122624502     .42216690306561255     .31133438002743933E-01 1.2301957361224327                          3
3.0000000000000000     7.1729008232820988     1.7932252058205247     .57318169040038218E-01 1.9980672610763692                          4
4.0000000000000000     5.2266366059975020     1.3066591514993755     .70286555597197889E-01 1.5515885836689098                          5
5.0000000000000000     3.2715588254201871     .81788970635504676     .73474707006327980E-01 1.4842539182593086                          6
6.0000000000000000     .55545041549139651     .13886260387284913     .99197794578509260E-01 .19114372357429410E-02                      7
7.0000000000000000     .74914386819220113     .18728596704805028     .96427636664583552E-01 .43130977448508073                          8
8.0000000000000000     .83525809332883894     .20881452333220973     .86974107960603717E-01 .16893794529474987                          9
9.0000000000000000     .92581181164918003     .23145295291229501     .77612113662466592E-01 .43546620422565019                         10
10.000000000000000     1.5972116070582543     .39930290176456357     .94038994517626054E-01 .22714818192702060                         11
