0.0000000000000000     4.1970860965913674     1.0492715241478419     0.0000000000000000     .33847565579201405                          1
.10000000000000001     2.7317621055446231     .68294052638615577     .12569150558970502     .12816554680107914                          2
.20000000000000001     2.2438896010185569     .56097240025463924     .14073017926849465     .58934656228596749                          3
.30000000000000004     1.8447737935798003     .46119344839495008     .20293827563833017     .89995126827003014                          4
.40000000000000002     1.4192217126983260     .35480542817458149     .18984737238086236     .62703194589998779                          5
.50000000000000000     .68640731727372695     .17160182931843174     .22092845581332865     .46534245196059842                          6
.60000000000000009     .94191239014252648     .23547809753563162     .19695421622573547     .35776917700330213                          7
.70000000000000007     1.0093148914390262     .25232872285975655     .19332265090333106     .50162143156836925E-01                      8
.80000000000000004     .68318011169264370     .17079502792316092     .23109992598297821     .58907691744904622E-01                      9
.90000000000000002     .73825282334996212     .18456320583749053     .20567878384119789     .27419893534291850                         10
1.0000000000000000     1.2243740739598823     .30609351848997057     .19466850539517028     .19698163460885407                         11
1.1000000000000001     .97183497261034657     .24295874315258664     .20396262440116897     .10259557184831997                         12
1.2000000000000002     1.9939489678624744     .49848724196561861     .19206435849074879     .35078187637469954                         13
1.3000000000000000     3.2633771747052305     .81584429367630762     .18312739887017146     .63230156042324059                         14
1.4000000000000001     2.8718749953217584     .71796874883043960     .17245011935532104     .78328390824153526                         15
1.5000000000000000     1.0286517504300221     .25716293760750553     .16198450253594571     .86339578984415621                         16
1.6000000000000001     1.5431884023431497     .38579710058578742     .15894862925361569     1.0376588259393040                         17
1.7000000000000002     2.6064174057952028     .65160435144880069     .15847746125850148     1.5717151989032900                         18
1.8000000000000000     3.1218867502432102     .78047168756080254     .17169781942678439     1.7611343211396284                         19
1.9000000000000001     3.1641255165545163     .79103137913862909     .16821423835687019     1.7196558713306054                         20
2.0000000000000000     2.7428725880863438     .68571814702158596     .16164362679366812     1.6166970843359718                         21
2.1000000000000001     3.1182356497050425     .77955891242626063     .16081952327090335     1.4987597014317997                         22
2.2000000000000002     3.3290458103809666     .83226145259524165     .16283529520772991     1.7000329063374797                         23
2.3000000000000003     1.5908452679517606     .39771131698794016     .15762951302885847     1.0442809911312303                         24
2.4000000000000004     .77759637684085414     .19439909421021354     .15903985707271914     .62166645054414760                         25
2.5000000000000000     1.8914989402129874     .47287473505324684     .15490791273165594     .25120248463928979                         26
2.6000000000000001     2.1354568263079203     .53386420657698008     .15282079724298869     .44049604672483250                         27
2.7000000000000002     2.1115823145641137     .52789557864102843     .15057162782050515     .39456005531003402                         28
2.8000000000000003     2.1096190368655616     .52740475921639041     .15346484376286726     .45951810323196313                         29
2.9000000000000004     1.3589635119441890     .33974087798604724     .14896315994590897     .57566906695706654                         30
