0.0000000000000000     1.4351342225662187     .35878355564155467     0.0000000000000000     .35749931431323834                          1
.59999999999999998E-01 1.0977159884266741     .27442899710666852     .11782299618604325     .21606632407861626                          2
.12000000000000000     1.2629930927554849     .31574827318887122     .15677421324348176     .18334101205480971                          3
.17999999999999999     1.8826233443417244     .47065583608543110     .11626112200554399     .91538548434232425E-01                      4
.23999999999999999     1.9991932163344019     .49979830408360049     .12839276192620877     .95488200438820607E-02                      5
.29999999999999999     2.2046099018624061     .55115247546560153     .12584132853883764     .19404100777238115                          6
.35999999999999999     2.9952300115063379     .74880750287658449     .13027014673892337     .24322949762118123                          7
.41999999999999998     2.5861593387089323     .64653983467723308     .12108979375518493     .12255676282576419                          8
.47999999999999998     2.5758690178802146     .64396725447005365     .12352326754458051     .41800899791265766                          9
.54000000000000004     3.6934989081827059     .92337472704567647     .12975944056764763     .65744428740353111                         10
.59999999999999998     3.0023777478815497     .75059443697038741     .13153955586167368     .29836602019190284                         11
.66000000000000003     2.8265067619528308     .70662669048820770     .12926572199560496     .65428865520677848                         12
.71999999999999997     3.0480396542014905     .76200991355037262     .12833237496751349     .53423289418245146                         13
.78000000000000003     2.6389331144509889     .65973327861274722     .12551390740748627     .59840147496660823                         14
.83999999999999997     2.1072064304017086     .52680160760042716     .12455379344686303     .58455090457629288                         15
.90000000000000002     2.1372544049319426     .53431360123298566     .12474057971159098     .58440136899656381                         16
.95999999999999996     2.8271828770182790     .70679571925456974     .12461263128548408     .60990388233488557                         17
1.0200000000000000     3.7259331183500830     .93148327958752075     .12571465704794149     .84013684660931665                         18
1.0800000000000001     2.6953732380371931     .67384330950929827     .12610445943490789     .91967634577810420                         19
1.1400000000000001     1.9757402211867920     .49393505529669801     .12712626802280694     .47569476428969310                         20
1.2000000000000000     1.4546575147528036     .36366437868820090     .12514363527479183     .23679057324442025E-01                     21
1.2600000000000000     .81777281703055893     .20444320425763973     .12501622318528793     .26916596578257852E-01                     22
1.3200000000000001     .60732435803898688     .15183108950974672     .12663337391760396     .23697360095794551                         23
1.3800000000000001     .55058506631771698     .13764626657942924     .12643050064633365     .24074862136950340                         24
1.4399999999999999     .30454907951985666     .76137269879964165E-01 .12951257118605247     .56171098097530792E-01                     25
1.5000000000000000     .56450479704725454     .14112619926181363     .13224740572523108     .13941447548398048                         26
1.5600000000000001     1.3517811787007528     .33794529467518819     .12951713495650330     .10472189597957146                         27
1.6200000000000001     .69579821850023849     .17394955462505962     .13017699186048812     .21485640789459115                         28
1.6799999999999999     .93030096860634526     .23257524215158631     .13001422138369997     .50108379416331839                         29
1.7400000000000000     1.1890265983277897     .29725664958194742     .12801879777972858     .49670380558521304                         30
1.8000000000000000     .81903685127818660     .20475921281954665     .12793821957889956     .41027588298461315                         31
1.8600000000000001     1.9960171008051792     .49900427520129481     .12630947175053653     .48268374394309121                         32
1.9199999999999999     3.2047010698704232     .80117526746760581     .12663048988077563     .92492146527227903                         33
1.9800000000000000     2.7954557505185900     .69886393762964749     .12742167788953038     .81058070034702467                         34
2.0400000000000000     2.0358348987035355     .50895872467588388     .12861482614242739     .70471031975811838                         35
2.1000000000000001     2.1025290384001707     .52563225960004267     .12903662141872035     .49108017431480155                         36
2.1600000000000001     2.6872667459484516     .67181668648711290     .12848340415281573     .32569451065160260                         37
2.2200000000000002     2.0406431631387543     .51016079078468857     .12881963874760258     .11538858492386110                         38
2.2800000000000002     .96494062664872338     .24123515666218084     .13040075880670374     .30901118257473548                         39
2.3399999999999999     1.7778688542120753     .44446721355301883     .13045943677494962     .67835017158022537                         40
2.3999999999999999     3.5400660717326726     .88501651793316816     .12903136220642017     .98631114359252325                         41
2.4600000000000000     4.5132288517003083     1.1283072129250771     .12953608227883237     .99006765499956018                         42
2.5200000000000000     4.3826121472914243     1.0956530368228561     .12913801277745227     .72554376413876798                         43
2.5800000000000001     4.5991932641282052     1.1497983160320513     .12903970504376988     .69438786656474838                         44
2.6400000000000001     3.7174927819443773     .92937319548609432     .12855401912149994     .82727480058176495                         45
2.7000000000000002     3.3298920045061524     .83247300112653810     .12895559842641377     .75107878602153400                         46
2.7600000000000002     1.8518001810802982     .46295004527007455     .12938542908168318     .74109682467879345                         47
2.8199999999999998     1.3562069537703760     .33905173844259401     .12922813209773398     .63241560007014774                         48
2.8799999999999999     .88091576402693694     .22022894100673424     .12969038547902287     .40094858571652880                         49
2.9399999999999999     1.0166621992511786     .25416554981279466     .13070133798134775     .61466118049343788                         50
3.0000000000000000     .58494906215299103     .14623726553824776     .12995643802667667     .42507745003506675                         51
3.0600000000000001     .32656756954020059E-01 .81641892385050149E-02 .12953802046792626     .16604403170530524                         52
3.1200000000000001     .52461896910974726     .13115474227743681     .12977453736190531     .22425525106078820                         53
3.1800000000000002     .95788436461309456     .23947109115327364     .12836668909801111     .45705875208232472                         54
3.2400000000000002     .23438297247748480     .58595743119371199E-01 .12771074001178023     .47969972106373326                         55
3.3000000000000003     1.1754976739002996     .29387441847507489     .12704979089848262     1.0084027406249447                         56
3.3599999999999999     .53598464636003196     .13399616159000799     .12788581193043488     .59130700130329816                         57
3.4199999999999999     .68852011474992636     .17213002868748159     .12875877661420834     .41104165940515291                         58
3.4800000000000000     1.2706187197218055     .31765467993045138     .12856196010784063     .37250814241752783                         59
3.5400000000000000     1.5815376302180422     .39538440755451054     .12814175875375494     .44556893449390722                         60
3.6000000000000001     2.4645812880311424     .61614532200778560     .12763524769241996     .78887729395542627                         61
3.6600000000000001     2.2837619966885008     .57094049917212519     .12780195240057263     .58545753190353844                         62
3.7200000000000002     2.2874698397797832     .57186745994494581     .12697645935497859     .18004785917115784                         63
3.7800000000000002     3.3402692983056639     .83506732457641597     .12656151932979615     .82243562122724226E-01                     64
3.8399999999999999     5.0334766636438442     1.2583691659109610     .12599258556197182     .10055641330127296                         65
3.8999999999999999     4.3732571138619090     1.0933142784654772     .12531292867758015     .54837551949209518                         66
3.9600000000000000     3.5487066127595694     .88717665318989236     .12463564198632833     .65076526936155710                         67
4.0200000000000005     3.0666878636278216     .76667196590695541     .12520308925179763     .23285838128191300                         68
4.0800000000000001     3.1942165270791953     .79855413176979884     .12477731782796353     .20754581547786410                         69
4.1399999999999997     2.4377689861603988     .60944224654009971     .12634784040697045     .19643736161637559                         70
4.2000000000000002     1.5414348424498125     .38535871061245314     .12675275602178723     .15599716252032303                         71
4.2599999999999998     1.0152094081613670     .25380235204034174     .12638990886970999     .33301400290859534                         72
4.3200000000000003     1.0505563781602585     .26263909454006462     .12793283231732244     .17429472166697227                         73
4.3799999999999999     .88097662752816475     .22024415688204119     .12752828362257571     .23759275388997300                         74
4.4400000000000004     1.0590817720571861     .26477044301429653     .12721304813535753     .63140209593788943                         75
4.5000000000000000     1.1509659982495559     .28774149956238898     .12755763006903079     .75018945836240047                         76
4.5600000000000005     .83446293771200875     .20861573442800219     .12701892587729233     .62083550656004061                         77
4.6200000000000001     .52188562137139038     .13047140534284760     .12871497649974320     .45520772277268773                         78
4.6799999999999997     .63928393902686398     .15982098475671599     .12889676217057436     .50825939707774115                         79
4.7400000000000002     1.7890187677747862     .44725469194369655     .12969138167681948     .90039245512997823                         80
4.7999999999999998     1.4558824300429276     .36397060751073190     .13031097853025328     .95490536367784817                         81
4.8600000000000003     2.2377661504610753     .55944153761526882     .13153751877211983     1.1648343337448637                         82
4.9199999999999999     1.7128041035990857     .42820102589977144     .13225037802462258     .77756251320828795                         83
4.9800000000000004     .75299558921129772     .18824889730282443     .13225148606023038     .60800235806710046                         84
