0.0000000000000000     .74037882905038732     .18509470726259683     0.0000000000000000     .29040760620896339                          1
.59999999999999998E-01 1.6049243728746887     .40123109321867217     .16770109449529552     .12194048881709442E-01                      2
.12000000000000000     .49508355705711460     .12377088926427865     .16175082557445647     .24992498708184802                          3
.17999999999999999     .85773168509170494     .21443292127292624     .15817555387328272     .12238016832111706                          4
.23999999999999999     1.4917878479929170     .37294696199822924     .15485669469313781     .79381280201258986                          5
.29999999999999999     1.5890093296544001     .39725233241360003     .15729209606382830     1.0299809703363723                          6
.35999999999999999     2.1836231663623762     .54590579159059405     .15619538052651016     1.3017966328486066                          7
.41999999999999998     1.9160416144944774     .47901040362361935     .15796717170363095     1.2775157639922263                          8
.47999999999999998     1.4023464089711795     .35058660224279486     .16152302707729202     1.0093706357372536                          9
.54000000000000004     1.3534202799618973     .33835506999047432     .15822106232609662     1.0798956260792334                         10
.59999999999999998     .65396580876525312     .16349145219131328     .15731478058581794     .69906987367753448                         11
.66000000000000003     .41472656065111513     .10368164016277878     .15033062607345413     .34674196701607407                         12
.71999999999999997     .53141877188782249     .13285469297195562     .15002424778124271     .36648099233534348                         13
.78000000000000003     .73376821715856155     .18344205428964039     .14408968927475160     .83350641967911920                         14
.83999999999999997     .87426334487068635     .21856583621767159     .14161746243270368     .90649164637468038                         15
.90000000000000002     .75690836529911210     .18922709132477802     .13936317796502526     .76834745038225916                         16
.95999999999999996     .85182552006281886     .21295638001570472     .13558951567582198     .77837140851641839                         17
1.0200000000000000     1.2128942452038831     .30322356130097078     .13349975909418907     1.0157843860996298                         18
1.0800000000000001     .98056731229302618     .24514182807325655     .13073993954103599     .81670221752698280                         19
1.1400000000000001     .24800509911176871     .62001274777942178E-01 .12820534605693115     .45976152490026406                         20
1.2000000000000000     .73782235888715325E-01 .18445558972178831E-01 .12536237230114691     .23143023311821881                         21
1.2600000000000000     .65101971978420337     .16275492994605084     .12550429516680570     .22329834535878323                         22
1.3200000000000001     .88535808073587408     .22133952018396852     .12432030649619627     .55003900496190039                         23
1.3800000000000001     1.1527547458143974     .28818868645359935     .12553368892520653     .78772672277973688                         24
1.4399999999999999     1.3852861548574595     .34632153871436488     .12647170329221880     1.0869791762384928                         25
1.5000000000000000     2.3628143349319268     .59070358373298171     .12497085165366410     1.4284182605457405                         26
1.5600000000000001     2.4239399954840768     .60598499887101920     .12246138711300274     1.3340935954905297                         27
1.6200000000000001     3.0702518251017690     .76756295627544224     .12212533610149144     1.4290245576129279                         28
1.6799999999999999     4.1082185036938563     1.0270546259234641     .11987938940072430     1.6043327322844596                         29
1.7400000000000000     3.6509356692710613     .91273391731776532     .12003951701176073     1.5320236954314714                         30
1.8000000000000000     2.5412848025603760     .63532120064009401     .12117637544702252     1.2563388154335988                         31
1.8600000000000001     5.1703487699394328     1.2925871924848582     .12153540537287889     1.7267123125458825                         32
1.9199999999999999     4.2482710125049863     1.0620677531262466     .12160047295329311     1.5106977420800867                         33
1.9800000000000000     5.0017903494194895     1.2504475873548724     .11952880218461374     1.5065341970015900                         34
2.0400000000000000     4.0224671858498962     1.0056167964624740     .12230399534102639     1.4779108205227707                         35
2.1000000000000001     3.9129242162573217     .97823105406433042     .12210034220325709     1.3162857306863311                         36
2.1600000000000001     2.6743582872234004     .66858957180585010     .12085217291993799     1.0835969880826306                         37
2.2200000000000002     2.2407707451075618     .56019268627689045     .12137261885608418     1.2231063011130519                         38
2.2800000000000002     1.6295135530945586     .40737838827363965     .11951259499874424     1.2166772966479200                         39
2.3399999999999999     2.3038234334129841     .57595585835324603     .11953068187855787     1.3483220838128938                         40
2.3999999999999999     2.6728421916241105     .66821054790602763     .12221159733759508     1.3743812189123827                         41
2.4600000000000000     2.4013276843051319     .60033192107628297     .12138967963931672     1.4022293670440258                         42
2.5200000000000000     3.5404497371485144     .88511243428712860     .12157984396091893     1.7149890968049286                         43
2.5800000000000001     2.9881727423541089     .74704318558852723     .12209816775414323     1.5970753856435942                         44
2.6400000000000001     3.8107141582859563     .95267853957148907     .12305335068812050     1.8247716150829687                         45
2.7000000000000002     3.0386128854995014     .75965322137487534     .12444596075112016     1.6927978542220048                         46
2.7600000000000002     3.2611213752763173     .81528034381907932     .12385173984454378     1.7267016022518420                         47
2.8199999999999998     4.7018354443395705     1.1754588610848926     .12346022321187290     2.1439486883451471                         48
2.8799999999999999     4.3452973521607685     1.0863243380401921     .12354496948141266     2.0562092995082519                         49
2.9399999999999999     5.4125864677071220     1.3531466169267805     .12327575031706048     2.3242372092962911                         50
3.0000000000000000     6.2877761661461378     1.5719440415365344     .12404726398989455     2.5024498724852617                         51
3.0600000000000001     5.7192786061783689     1.4298196515445922     .12281953197664087     2.3385191935613330                         52
3.1200000000000001     5.1794728876151011     1.2948682219037753     .12251432322704600     2.2621329188813251                         53
3.1800000000000002     5.8914984313720389     1.4728746078430097     .12198003333484725     2.4061518390095564                         54
3.2400000000000002     4.8867601678049102     1.2216900419512275     .12234876605926898     2.2047384692003975                         55
3.3000000000000003     4.7318771162046689     1.1829692790511672     .12196671928629094     2.1510659786372588                         56
3.3599999999999999     5.4681208284182823     1.3670302071045706     .12287341883507849     2.3145901994731659                         57
3.4199999999999999     4.3093999825408060     1.0773499956352015     .12223460413087313     2.0757164370912800                         58
3.4800000000000000     3.6361939039012641     .90904847597531602     .12216964644961233     1.8923857770661394                         59
3.5400000000000000     3.8036209458889543     .95090523647223857     .12076207225167013     1.9254906573329043                         60
3.6000000000000001     4.9045133190639554     1.2261283297659888     .12022995897846149     2.1636275188519574                         61
3.6600000000000001     3.7346310298704788     .93365775746761970     .12068269889432265     1.8857370820462331                         62
3.7200000000000002     4.8973437333067116     1.2243359333266779     .12068080598767716     2.1527324839376489                         63
3.7800000000000002     5.8097623959984999     1.4524405989996250     .12037378865023159     2.2872863223014028                         64
3.8399999999999999     5.7322829644452451     1.4330707411113113     .12011232018471159     2.0095244577874780                         65
3.8999999999999999     4.7645380652366249     1.1911345163091562     .11997546033036818     1.8678800134372917                         66
3.9600000000000000     2.7808213752761652     .69520534381904131     .12060639528573988     1.6209218924558908                         67
4.0200000000000005     1.7475279673892534     .43688199184731336     .12200042407863161     1.2951562465269515                         68
4.0800000000000001     2.0586548464495356     .51466371161238389     .12300786847875161     1.3245547514700351                         69
4.1399999999999997     2.8983364330305834     .72458410825764585     .12308275517774091     1.6410177765740419                         70
4.2000000000000002     2.3036985404125230     .57592463510313074     .12351162978413517     1.4821862527228986                         71
4.2599999999999998     2.9657033409875369     .74142583524688421     .12305444119184382     1.6838744213403549                         72
4.3200000000000003     3.9696454727987875     .99241136819969689     .12254337771536428     1.9896885624755021                         73
4.3799999999999999     2.3522353264354803     .58805883160887007     .12246624001171856     1.5295893300691721                         74
4.4400000000000004     1.4761558927568139     .36903897318920348     .12235863245404151     1.1092941601086126                         75
4.5000000000000000     1.3648731810737238     .34121829526843095     .12187213783251145     .77428232799893293                         76
4.5600000000000005     .30908844989314072     .77272112473285179E-01 .12152569245679690     .14863157490966927                         77
4.6200000000000001     .13156628423023428     .32891571057558570E-01 .12098377892724599     .15268513276485565                         78
4.6799999999999997     .47034220994138382     .11758555248534595     .12104532151602676     .45733958296682814                         79
4.7400000000000002     .24042988316010941     .60107470790027352E-01 .12054622015213010     .40227453885883113                         80
4.7999999999999998     .21242335809603158     .53105839524007895E-01 .12046629429546156     .38558345367661201                         81
4.8600000000000003     .99220963118601041E-01 .24805240779650260E-01 .12039302952807619     .18545343992995300                         82
4.9199999999999999     .18351461827423565     .45878654568558913E-01 .12092755237261162     .28835357331601913                         83
4.9800000000000004     .23260668773425253     .58151671933563132E-01 .12050260254524491     .13747094852546052                         84
